"","id.x","value","Year","id.y","BinYear","Region","AGENT1","AGENT2","SEVERITYoriginal","SEVERITY0123","Ord50"
"1","1",1.40951796520531,1968,119,1950,NA,NA,NA,NA,NA,19
"2","1",1.39313666139754,1968,119,1950,NA,NA,NA,NA,NA,19
"3","1",0.25974076229602,1968,119,1950,NA,NA,NA,NA,NA,19
"4","1",0.51598961086193,1968,119,1950,NA,NA,NA,NA,NA,19
"5","1",1.52728527939554,1968,119,1950,NA,NA,NA,NA,NA,19
"6","1",1.68136826147439,1968,119,1950,NA,NA,NA,NA,NA,19
"7","1",1.03859106319997,1968,119,1950,NA,NA,NA,NA,NA,19
"8","1",0.708877451796083,1968,119,1950,NA,NA,NA,NA,NA,19
"9","1",0.754905499705223,1968,119,1950,NA,NA,NA,NA,NA,19
"10","1",0.448201775669393,1968,119,1950,NA,NA,NA,NA,NA,19
"11","1",1.05663094513266,1968,119,1950,NA,NA,NA,NA,NA,19
"12","1",0.959349060466497,1968,119,1950,NA,NA,NA,NA,NA,19
"13","1",0.927059912661745,1968,119,1950,NA,NA,NA,NA,NA,19
"14","1",0.920847353854739,1968,119,1950,NA,NA,NA,NA,NA,19
"15","1",1.17315130041911,1968,119,1950,NA,NA,NA,NA,NA,19
"16","1",0.913074961059675,1968,119,1950,NA,NA,NA,NA,NA,19
"17","1",NA,1968,119,1950,NA,NA,NA,NA,NA,19
"18","1",NA,1968,119,1950,NA,NA,NA,NA,NA,19
"19","1",NA,1968,119,1950,NA,NA,NA,NA,NA,19
"20","1",NA,1968,119,1950,NA,NA,NA,NA,NA,19
"21","1",NA,1968,119,1950,NA,NA,NA,NA,NA,19
"22","1",NA,1968,119,1950,NA,NA,NA,NA,NA,19
"23","1",NA,1968,119,1950,NA,NA,NA,NA,NA,19
"24","1",NA,1968,119,1950,NA,NA,NA,NA,NA,19
"25","1",NA,1968,119,1950,NA,NA,NA,NA,NA,19
"26","1",NA,1968,119,1950,NA,NA,NA,NA,NA,19
"27","1",NA,1968,119,1950,NA,NA,NA,NA,NA,19
"28","1",NA,1968,119,1950,NA,NA,NA,NA,NA,19
"29","1",NA,1968,119,1950,NA,NA,NA,NA,NA,19
"30","1",NA,1968,119,1950,NA,NA,NA,NA,NA,19
"31","1",NA,1968,119,1950,NA,NA,NA,NA,NA,19
"32","1",NA,1968,119,1950,NA,NA,NA,NA,NA,19
"33","1",NA,1968,119,1950,NA,NA,NA,NA,NA,19
"34","1",NA,1968,119,1950,NA,NA,NA,NA,NA,19
"35","1",NA,1968,119,1950,NA,NA,NA,NA,NA,19
"36","1",NA,1968,119,1950,NA,NA,NA,NA,NA,19
"37","1",NA,1968,119,1950,NA,NA,NA,NA,NA,19
"38","1",NA,1968,119,1950,NA,NA,NA,NA,NA,19
"39","1",NA,1968,119,1950,NA,NA,NA,NA,NA,19
"40","1",NA,1968,119,1950,NA,NA,NA,NA,NA,19
"41","1",NA,1968,119,1950,NA,NA,NA,NA,NA,19
"42","1",NA,1968,119,1950,NA,NA,NA,NA,NA,19
"43","1",NA,1968,119,1950,NA,NA,NA,NA,NA,19
"44","1",NA,1968,119,1950,NA,NA,NA,NA,NA,19
"45","1",NA,1968,119,1950,NA,NA,NA,NA,NA,19
"46","1",NA,1968,119,1950,NA,NA,NA,NA,NA,19
"47","1",NA,1968,119,1950,NA,NA,NA,NA,NA,19
"48","1",NA,1968,119,1950,NA,NA,NA,NA,NA,19
"49","1",NA,1968,119,1950,NA,NA,NA,NA,NA,19
"50","1",NA,1968,119,1950,NA,NA,NA,NA,NA,19
"51","2",1.00177634856737,1969,120,1950,NA,NA,NA,NA,NA,20
"52","2",0.999301064190414,1969,120,1950,NA,NA,NA,NA,NA,20
"53","2",0.544160192395756,1969,120,1950,NA,NA,NA,NA,NA,20
"54","2",0.451919712712608,1969,120,1950,NA,NA,NA,NA,NA,20
"55","2",1.24318796503717,1969,120,1950,NA,NA,NA,NA,NA,20
"56","2",1.25388732260764,1969,120,1950,NA,NA,NA,NA,NA,20
"57","2",1.33972918327833,1969,120,1950,NA,NA,NA,NA,NA,20
"58","2",0.834240180351468,1969,120,1950,NA,NA,NA,NA,NA,20
"59","2",1.29026190435788,1969,120,1950,NA,NA,NA,NA,NA,20
"60","2",0.539970203213795,1969,120,1950,NA,NA,NA,NA,NA,20
"61","2",0.825843905908774,1969,120,1950,NA,NA,NA,NA,NA,20
"62","2",0.771207212491385,1969,120,1950,NA,NA,NA,NA,NA,20
"63","2",0.505002819602991,1969,120,1950,NA,NA,NA,NA,NA,20
"64","2",0.575202472547349,1969,120,1950,NA,NA,NA,NA,NA,20
"65","2",0.724171617936305,1969,120,1950,NA,NA,NA,NA,NA,20
"66","2",0.71090779851887,1969,120,1950,NA,NA,NA,NA,NA,20
"67","2",0.721619274147036,1969,120,1950,NA,NA,NA,NA,NA,20
"68","2",NA,1969,120,1950,NA,NA,NA,NA,NA,20
"69","2",NA,1969,120,1950,NA,NA,NA,NA,NA,20
"70","2",NA,1969,120,1950,NA,NA,NA,NA,NA,20
"71","2",NA,1969,120,1950,NA,NA,NA,NA,NA,20
"72","2",NA,1969,120,1950,NA,NA,NA,NA,NA,20
"73","2",NA,1969,120,1950,NA,NA,NA,NA,NA,20
"74","2",NA,1969,120,1950,NA,NA,NA,NA,NA,20
"75","2",NA,1969,120,1950,NA,NA,NA,NA,NA,20
"76","2",NA,1969,120,1950,NA,NA,NA,NA,NA,20
"77","2",NA,1969,120,1950,NA,NA,NA,NA,NA,20
"78","2",NA,1969,120,1950,NA,NA,NA,NA,NA,20
"79","2",NA,1969,120,1950,NA,NA,NA,NA,NA,20
"80","2",NA,1969,120,1950,NA,NA,NA,NA,NA,20
"81","2",NA,1969,120,1950,NA,NA,NA,NA,NA,20
"82","2",NA,1969,120,1950,NA,NA,NA,NA,NA,20
"83","2",NA,1969,120,1950,NA,NA,NA,NA,NA,20
"84","2",NA,1969,120,1950,NA,NA,NA,NA,NA,20
"85","2",NA,1969,120,1950,NA,NA,NA,NA,NA,20
"86","2",NA,1969,120,1950,NA,NA,NA,NA,NA,20
"87","2",NA,1969,120,1950,NA,NA,NA,NA,NA,20
"88","2",NA,1969,120,1950,NA,NA,NA,NA,NA,20
"89","2",NA,1969,120,1950,NA,NA,NA,NA,NA,20
"90","2",NA,1969,120,1950,NA,NA,NA,NA,NA,20
"91","2",NA,1969,120,1950,NA,NA,NA,NA,NA,20
"92","2",NA,1969,120,1950,NA,NA,NA,NA,NA,20
"93","2",NA,1969,120,1950,NA,NA,NA,NA,NA,20
"94","2",NA,1969,120,1950,NA,NA,NA,NA,NA,20
"95","2",NA,1969,120,1950,NA,NA,NA,NA,NA,20
"96","2",NA,1969,120,1950,NA,NA,NA,NA,NA,20
"97","2",NA,1969,120,1950,NA,NA,NA,NA,NA,20
"98","2",NA,1969,120,1950,NA,NA,NA,NA,NA,20
"99","2",NA,1969,120,1950,NA,NA,NA,NA,NA,20
"100","2",NA,1969,120,1950,NA,NA,NA,NA,NA,20
"101","3",1.68061145850044,1970,121,1950,NA,NA,NA,NA,NA,21
"102","3",1.69264980394128,1970,121,1950,NA,NA,NA,NA,NA,21
"103","3",0.735437008575546,1970,121,1950,NA,NA,NA,NA,NA,21
"104","3",0.85047110006235,1970,121,1950,NA,NA,NA,NA,NA,21
"105","3",1.6052115635729,1970,121,1950,NA,NA,NA,NA,NA,21
"106","3",1.65575353769452,1970,121,1950,NA,NA,NA,NA,NA,21
"107","3",0.985105642202238,1970,121,1950,NA,NA,NA,NA,NA,21
"108","3",1.19004103482279,1970,121,1950,NA,NA,NA,NA,NA,21
"109","3",0.72067999402622,1970,121,1950,NA,NA,NA,NA,NA,21
"110","3",1.02885110243933,1970,121,1950,NA,NA,NA,NA,NA,21
"111","3",1.22860803825707,1970,121,1950,NA,NA,NA,NA,NA,21
"112","3",1.32481170242058,1970,121,1950,NA,NA,NA,NA,NA,21
"113","3",1.07522522016332,1970,121,1950,NA,NA,NA,NA,NA,21
"114","3",1.03835671462349,1970,121,1950,NA,NA,NA,NA,NA,21
"115","3",1.03949994674345,1970,121,1950,NA,NA,NA,NA,NA,21
"116","3",0.963935872912931,1970,121,1950,NA,NA,NA,NA,NA,21
"117","3",1.15333090702597,1970,121,1950,NA,NA,NA,NA,NA,21
"118","3",NA,1970,121,1950,NA,NA,NA,NA,NA,21
"119","3",NA,1970,121,1950,NA,NA,NA,NA,NA,21
"120","3",NA,1970,121,1950,NA,NA,NA,NA,NA,21
"121","3",NA,1970,121,1950,NA,NA,NA,NA,NA,21
"122","3",NA,1970,121,1950,NA,NA,NA,NA,NA,21
"123","3",NA,1970,121,1950,NA,NA,NA,NA,NA,21
"124","3",NA,1970,121,1950,NA,NA,NA,NA,NA,21
"125","3",NA,1970,121,1950,NA,NA,NA,NA,NA,21
"126","3",NA,1970,121,1950,NA,NA,NA,NA,NA,21
"127","3",NA,1970,121,1950,NA,NA,NA,NA,NA,21
"128","3",NA,1970,121,1950,NA,NA,NA,NA,NA,21
"129","3",NA,1970,121,1950,NA,NA,NA,NA,NA,21
"130","3",NA,1970,121,1950,NA,NA,NA,NA,NA,21
"131","3",NA,1970,121,1950,NA,NA,NA,NA,NA,21
"132","3",NA,1970,121,1950,NA,NA,NA,NA,NA,21
"133","3",NA,1970,121,1950,NA,NA,NA,NA,NA,21
"134","3",NA,1970,121,1950,NA,NA,NA,NA,NA,21
"135","3",NA,1970,121,1950,NA,NA,NA,NA,NA,21
"136","3",NA,1970,121,1950,NA,NA,NA,NA,NA,21
"137","3",NA,1970,121,1950,NA,NA,NA,NA,NA,21
"138","3",NA,1970,121,1950,NA,NA,NA,NA,NA,21
"139","3",NA,1970,121,1950,NA,NA,NA,NA,NA,21
"140","3",NA,1970,121,1950,NA,NA,NA,NA,NA,21
"141","3",NA,1970,121,1950,NA,NA,NA,NA,NA,21
"142","3",NA,1970,121,1950,NA,NA,NA,NA,NA,21
"143","3",NA,1970,121,1950,NA,NA,NA,NA,NA,21
"144","3",NA,1970,121,1950,NA,NA,NA,NA,NA,21
"145","3",NA,1970,121,1950,NA,NA,NA,NA,NA,21
"146","3",NA,1970,121,1950,NA,NA,NA,NA,NA,21
"147","3",NA,1970,121,1950,NA,NA,NA,NA,NA,21
"148","3",NA,1970,121,1950,NA,NA,NA,NA,NA,21
"149","3",NA,1970,121,1950,NA,NA,NA,NA,NA,21
"150","3",NA,1970,121,1950,NA,NA,NA,NA,NA,21
"151","4",1.16028317633607,1971,122,1950,NA,NA,NA,NA,NA,22
"152","4",1.08927017823342,1971,122,1950,NA,NA,NA,NA,NA,22
"153","4",0.544385058693166,1971,122,1950,NA,NA,NA,NA,NA,22
"154","4",0.488202526173074,1971,122,1950,NA,NA,NA,NA,NA,22
"155","4",1.30611518803974,1971,122,1950,NA,NA,NA,NA,NA,22
"156","4",0.988077568484988,1971,122,1950,NA,NA,NA,NA,NA,22
"157","4",0.906492991948193,1971,122,1950,NA,NA,NA,NA,NA,22
"158","4",1.16968972304178,1971,122,1950,NA,NA,NA,NA,NA,22
"159","4",1.46237717548585,1971,122,1950,NA,NA,NA,NA,NA,22
"160","4",0.72339573590654,1971,122,1950,NA,NA,NA,NA,NA,22
"161","4",1.18710290584889,1971,122,1950,NA,NA,NA,NA,NA,22
"162","4",1.07445616924288,1971,122,1950,NA,NA,NA,NA,NA,22
"163","4",1.16026197163923,1971,122,1950,NA,NA,NA,NA,NA,22
"164","4",0.998852221877199,1971,122,1950,NA,NA,NA,NA,NA,22
"165","4",0.966244623594917,1971,122,1950,NA,NA,NA,NA,NA,22
"166","4",1.04756952362162,1971,122,1950,NA,NA,NA,NA,NA,22
"167","4",0.847906716061881,1971,122,1950,NA,NA,NA,NA,NA,22
"168","4",0.810445383107864,1971,122,1950,NA,NA,NA,NA,NA,22
"169","4",0.984953245530626,1971,122,1950,NA,NA,NA,NA,NA,22
"170","4",NA,1971,122,1950,NA,NA,NA,NA,NA,22
"171","4",NA,1971,122,1950,NA,NA,NA,NA,NA,22
"172","4",NA,1971,122,1950,NA,NA,NA,NA,NA,22
"173","4",NA,1971,122,1950,NA,NA,NA,NA,NA,22
"174","4",NA,1971,122,1950,NA,NA,NA,NA,NA,22
"175","4",NA,1971,122,1950,NA,NA,NA,NA,NA,22
"176","4",NA,1971,122,1950,NA,NA,NA,NA,NA,22
"177","4",NA,1971,122,1950,NA,NA,NA,NA,NA,22
"178","4",NA,1971,122,1950,NA,NA,NA,NA,NA,22
"179","4",NA,1971,122,1950,NA,NA,NA,NA,NA,22
"180","4",NA,1971,122,1950,NA,NA,NA,NA,NA,22
"181","4",NA,1971,122,1950,NA,NA,NA,NA,NA,22
"182","4",NA,1971,122,1950,NA,NA,NA,NA,NA,22
"183","4",NA,1971,122,1950,NA,NA,NA,NA,NA,22
"184","4",NA,1971,122,1950,NA,NA,NA,NA,NA,22
"185","4",NA,1971,122,1950,NA,NA,NA,NA,NA,22
"186","4",NA,1971,122,1950,NA,NA,NA,NA,NA,22
"187","4",NA,1971,122,1950,NA,NA,NA,NA,NA,22
"188","4",NA,1971,122,1950,NA,NA,NA,NA,NA,22
"189","4",NA,1971,122,1950,NA,NA,NA,NA,NA,22
"190","4",NA,1971,122,1950,NA,NA,NA,NA,NA,22
"191","4",NA,1971,122,1950,NA,NA,NA,NA,NA,22
"192","4",NA,1971,122,1950,NA,NA,NA,NA,NA,22
"193","4",NA,1971,122,1950,NA,NA,NA,NA,NA,22
"194","4",NA,1971,122,1950,NA,NA,NA,NA,NA,22
"195","4",NA,1971,122,1950,NA,NA,NA,NA,NA,22
"196","4",NA,1971,122,1950,NA,NA,NA,NA,NA,22
"197","4",NA,1971,122,1950,NA,NA,NA,NA,NA,22
"198","4",NA,1971,122,1950,NA,NA,NA,NA,NA,22
"199","4",NA,1971,122,1950,NA,NA,NA,NA,NA,22
"200","4",NA,1971,122,1950,NA,NA,NA,NA,NA,22
"201","5",0.260810134654568,1972,123,1950,NA,NA,NA,NA,NA,23
"202","5",0.280484288702274,1972,123,1950,NA,NA,NA,NA,NA,23
"203","5",0.271422993729562,1972,123,1950,NA,NA,NA,NA,NA,23
"204","5",0.605835799008239,1972,123,1950,NA,NA,NA,NA,NA,23
"205","5",0.34065214397076,1972,123,1950,NA,NA,NA,NA,NA,23
"206","5",0.337590882893975,1972,123,1950,NA,NA,NA,NA,NA,23
"207","5",0.830252615595797,1972,123,1950,NA,NA,NA,NA,NA,23
"208","5",0.683745865150689,1972,123,1950,NA,NA,NA,NA,NA,23
"209","5",1.48987238606292,1972,123,1950,NA,NA,NA,NA,NA,23
"210","5",1.00739958878098,1972,123,1950,NA,NA,NA,NA,NA,23
"211","5",1.36698053986592,1972,123,1950,NA,NA,NA,NA,NA,23
"212","5",1.34773838864687,1972,123,1950,NA,NA,NA,NA,NA,23
"213","5",1.39255233863295,1972,123,1950,NA,NA,NA,NA,NA,23
"214","5",1.35208045955589,1972,123,1950,NA,NA,NA,NA,NA,23
"215","5",0.828969155735122,1972,123,1950,NA,NA,NA,NA,NA,23
"216","5",1.03974525072161,1972,123,1950,NA,NA,NA,NA,NA,23
"217","5",0.812366465470807,1972,123,1950,NA,NA,NA,NA,NA,23
"218","5",0.916293798165595,1972,123,1950,NA,NA,NA,NA,NA,23
"219","5",0.973596970595458,1972,123,1950,NA,NA,NA,NA,NA,23
"220","5",NA,1972,123,1950,NA,NA,NA,NA,NA,23
"221","5",NA,1972,123,1950,NA,NA,NA,NA,NA,23
"222","5",NA,1972,123,1950,NA,NA,NA,NA,NA,23
"223","5",NA,1972,123,1950,NA,NA,NA,NA,NA,23
"224","5",NA,1972,123,1950,NA,NA,NA,NA,NA,23
"225","5",NA,1972,123,1950,NA,NA,NA,NA,NA,23
"226","5",NA,1972,123,1950,NA,NA,NA,NA,NA,23
"227","5",NA,1972,123,1950,NA,NA,NA,NA,NA,23
"228","5",NA,1972,123,1950,NA,NA,NA,NA,NA,23
"229","5",NA,1972,123,1950,NA,NA,NA,NA,NA,23
"230","5",NA,1972,123,1950,NA,NA,NA,NA,NA,23
"231","5",NA,1972,123,1950,NA,NA,NA,NA,NA,23
"232","5",NA,1972,123,1950,NA,NA,NA,NA,NA,23
"233","5",NA,1972,123,1950,NA,NA,NA,NA,NA,23
"234","5",NA,1972,123,1950,NA,NA,NA,NA,NA,23
"235","5",NA,1972,123,1950,NA,NA,NA,NA,NA,23
"236","5",NA,1972,123,1950,NA,NA,NA,NA,NA,23
"237","5",NA,1972,123,1950,NA,NA,NA,NA,NA,23
"238","5",NA,1972,123,1950,NA,NA,NA,NA,NA,23
"239","5",NA,1972,123,1950,NA,NA,NA,NA,NA,23
"240","5",NA,1972,123,1950,NA,NA,NA,NA,NA,23
"241","5",NA,1972,123,1950,NA,NA,NA,NA,NA,23
"242","5",NA,1972,123,1950,NA,NA,NA,NA,NA,23
"243","5",NA,1972,123,1950,NA,NA,NA,NA,NA,23
"244","5",NA,1972,123,1950,NA,NA,NA,NA,NA,23
"245","5",NA,1972,123,1950,NA,NA,NA,NA,NA,23
"246","5",NA,1972,123,1950,NA,NA,NA,NA,NA,23
"247","5",NA,1972,123,1950,NA,NA,NA,NA,NA,23
"248","5",NA,1972,123,1950,NA,NA,NA,NA,NA,23
"249","5",NA,1972,123,1950,NA,NA,NA,NA,NA,23
"250","5",NA,1972,123,1950,NA,NA,NA,NA,NA,23
"251","6",0.130662431360248,1973,124,1950,NA,NA,NA,NA,NA,24
"252","6",0.191555198932795,1973,124,1950,NA,NA,NA,NA,NA,24
"253","6",0.978102587797382,1973,124,1950,NA,NA,NA,NA,NA,24
"254","6",0.851016729540909,1973,124,1950,NA,NA,NA,NA,NA,24
"255","6",0.205153167005406,1973,124,1950,NA,NA,NA,NA,NA,24
"256","6",0.359882232157083,1973,124,1950,NA,NA,NA,NA,NA,24
"257","6",0.818323448750293,1973,124,1950,NA,NA,NA,NA,NA,24
"258","6",0.482249550789694,1973,124,1950,NA,NA,NA,NA,NA,24
"259","6",0.587585108222011,1973,124,1950,NA,NA,NA,NA,NA,24
"260","6",1.07626650363514,1973,124,1950,NA,NA,NA,NA,NA,24
"261","6",0.607492983840116,1973,124,1950,NA,NA,NA,NA,NA,24
"262","6",0.873608662098841,1973,124,1950,NA,NA,NA,NA,NA,24
"263","6",1.32493811152046,1973,124,1950,NA,NA,NA,NA,NA,24
"264","6",1.17138805258493,1973,124,1950,NA,NA,NA,NA,NA,24
"265","6",1.03831929439386,1973,124,1950,NA,NA,NA,NA,NA,24
"266","6",0.918917848881224,1973,124,1950,NA,NA,NA,NA,NA,24
"267","6",1.03917509478249,1973,124,1950,NA,NA,NA,NA,NA,24
"268","6",0.902964022926435,1973,124,1950,NA,NA,NA,NA,NA,24
"269","6",0.869771325580543,1973,124,1950,NA,NA,NA,NA,NA,24
"270","6",NA,1973,124,1950,NA,NA,NA,NA,NA,24
"271","6",NA,1973,124,1950,NA,NA,NA,NA,NA,24
"272","6",NA,1973,124,1950,NA,NA,NA,NA,NA,24
"273","6",NA,1973,124,1950,NA,NA,NA,NA,NA,24
"274","6",NA,1973,124,1950,NA,NA,NA,NA,NA,24
"275","6",NA,1973,124,1950,NA,NA,NA,NA,NA,24
"276","6",NA,1973,124,1950,NA,NA,NA,NA,NA,24
"277","6",NA,1973,124,1950,NA,NA,NA,NA,NA,24
"278","6",NA,1973,124,1950,NA,NA,NA,NA,NA,24
"279","6",NA,1973,124,1950,NA,NA,NA,NA,NA,24
"280","6",NA,1973,124,1950,NA,NA,NA,NA,NA,24
"281","6",NA,1973,124,1950,NA,NA,NA,NA,NA,24
"282","6",NA,1973,124,1950,NA,NA,NA,NA,NA,24
"283","6",NA,1973,124,1950,NA,NA,NA,NA,NA,24
"284","6",NA,1973,124,1950,NA,NA,NA,NA,NA,24
"285","6",NA,1973,124,1950,NA,NA,NA,NA,NA,24
"286","6",NA,1973,124,1950,NA,NA,NA,NA,NA,24
"287","6",NA,1973,124,1950,NA,NA,NA,NA,NA,24
"288","6",NA,1973,124,1950,NA,NA,NA,NA,NA,24
"289","6",NA,1973,124,1950,NA,NA,NA,NA,NA,24
"290","6",NA,1973,124,1950,NA,NA,NA,NA,NA,24
"291","6",NA,1973,124,1950,NA,NA,NA,NA,NA,24
"292","6",NA,1973,124,1950,NA,NA,NA,NA,NA,24
"293","6",NA,1973,124,1950,NA,NA,NA,NA,NA,24
"294","6",NA,1973,124,1950,NA,NA,NA,NA,NA,24
"295","6",NA,1973,124,1950,NA,NA,NA,NA,NA,24
"296","6",NA,1973,124,1950,NA,NA,NA,NA,NA,24
"297","6",NA,1973,124,1950,NA,NA,NA,NA,NA,24
"298","6",NA,1973,124,1950,NA,NA,NA,NA,NA,24
"299","6",NA,1973,124,1950,NA,NA,NA,NA,NA,24
"300","6",NA,1973,124,1950,NA,NA,NA,NA,NA,24
"301","7",0.279582640582921,1974,125,1950,NA,NA,NA,NA,NA,25
"302","7",0.325301355960736,1974,125,1950,NA,NA,NA,NA,NA,25
"303","7",1.34478159234752,1974,125,1950,NA,NA,NA,NA,NA,25
"304","7",1.02048433471239,1974,125,1950,NA,NA,NA,NA,NA,25
"305","7",0.61517954781788,1974,125,1950,NA,NA,NA,NA,NA,25
"306","7",0.627101755511722,1974,125,1950,NA,NA,NA,NA,NA,25
"307","7",0.873869660295768,1974,125,1950,NA,NA,NA,NA,NA,25
"308","7",0.833455862867791,1974,125,1950,NA,NA,NA,NA,NA,25
"309","7",0.69958724952729,1974,125,1950,NA,NA,NA,NA,NA,25
"310","7",0.599108987491786,1974,125,1950,NA,NA,NA,NA,NA,25
"311","7",0.429658325247391,1974,125,1950,NA,NA,NA,NA,NA,25
"312","7",0.844552896076204,1974,125,1950,NA,NA,NA,NA,NA,25
"313","7",0.657789357266736,1974,125,1950,NA,NA,NA,NA,NA,25
"314","7",0.658228741562521,1974,125,1950,NA,NA,NA,NA,NA,25
"315","7",0.990734718220575,1974,125,1950,NA,NA,NA,NA,NA,25
"316","7",0.866152911221539,1974,125,1950,NA,NA,NA,NA,NA,25
"317","7",1.01185657278616,1974,125,1950,NA,NA,NA,NA,NA,25
"318","7",0.885691962047805,1974,125,1950,NA,NA,NA,NA,NA,25
"319","7",0.840016468611484,1974,125,1950,NA,NA,NA,NA,NA,25
"320","7",1.68050629953155,1974,125,1950,NA,NA,NA,NA,NA,25
"321","7",1.2278282895887,1974,125,1950,NA,NA,NA,NA,NA,25
"322","7",0.920558218428216,1974,125,1950,NA,NA,NA,NA,NA,25
"323","7",1.17020257735735,1974,125,1950,NA,NA,NA,NA,NA,25
"324","7",NA,1974,125,1950,NA,NA,NA,NA,NA,25
"325","7",NA,1974,125,1950,NA,NA,NA,NA,NA,25
"326","7",NA,1974,125,1950,NA,NA,NA,NA,NA,25
"327","7",NA,1974,125,1950,NA,NA,NA,NA,NA,25
"328","7",NA,1974,125,1950,NA,NA,NA,NA,NA,25
"329","7",NA,1974,125,1950,NA,NA,NA,NA,NA,25
"330","7",NA,1974,125,1950,NA,NA,NA,NA,NA,25
"331","7",NA,1974,125,1950,NA,NA,NA,NA,NA,25
"332","7",NA,1974,125,1950,NA,NA,NA,NA,NA,25
"333","7",NA,1974,125,1950,NA,NA,NA,NA,NA,25
"334","7",NA,1974,125,1950,NA,NA,NA,NA,NA,25
"335","7",NA,1974,125,1950,NA,NA,NA,NA,NA,25
"336","7",NA,1974,125,1950,NA,NA,NA,NA,NA,25
"337","7",NA,1974,125,1950,NA,NA,NA,NA,NA,25
"338","7",NA,1974,125,1950,NA,NA,NA,NA,NA,25
"339","7",NA,1974,125,1950,NA,NA,NA,NA,NA,25
"340","7",NA,1974,125,1950,NA,NA,NA,NA,NA,25
"341","7",NA,1974,125,1950,NA,NA,NA,NA,NA,25
"342","7",NA,1974,125,1950,NA,NA,NA,NA,NA,25
"343","7",NA,1974,125,1950,NA,NA,NA,NA,NA,25
"344","7",NA,1974,125,1950,NA,NA,NA,NA,NA,25
"345","7",NA,1974,125,1950,NA,NA,NA,NA,NA,25
"346","7",NA,1974,125,1950,NA,NA,NA,NA,NA,25
"347","7",NA,1974,125,1950,NA,NA,NA,NA,NA,25
"348","7",NA,1974,125,1950,NA,NA,NA,NA,NA,25
"349","7",NA,1974,125,1950,NA,NA,NA,NA,NA,25
"350","7",NA,1974,125,1950,NA,NA,NA,NA,NA,25
"351","8",0.488424285778111,1975,126,1950,NA,NA,NA,NA,NA,26
"352","8",0.518478873085215,1975,126,1950,NA,NA,NA,NA,NA,26
"353","8",0.805030075474005,1975,126,1950,NA,NA,NA,NA,NA,26
"354","8",1.05579119744247,1975,126,1950,NA,NA,NA,NA,NA,26
"355","8",0.517180144287433,1975,126,1950,NA,NA,NA,NA,NA,26
"356","8",0.626288310147404,1975,126,1950,NA,NA,NA,NA,NA,26
"357","8",0.856447052170592,1975,126,1950,NA,NA,NA,NA,NA,26
"358","8",1.13602577301831,1975,126,1950,NA,NA,NA,NA,NA,26
"359","8",0.574081968303697,1975,126,1950,NA,NA,NA,NA,NA,26
"360","8",0.49101887164788,1975,126,1950,NA,NA,NA,NA,NA,26
"361","8",0.580813645459701,1975,126,1950,NA,NA,NA,NA,NA,26
"362","8",0.612616445568673,1975,126,1950,NA,NA,NA,NA,NA,26
"363","8",0.799320479174821,1975,126,1950,NA,NA,NA,NA,NA,26
"364","8",0.691788419539617,1975,126,1950,NA,NA,NA,NA,NA,26
"365","8",1.28626181091762,1975,126,1950,NA,NA,NA,NA,NA,26
"366","8",1.15969192749501,1975,126,1950,NA,NA,NA,NA,NA,26
"367","8",1.25826817973623,1975,126,1950,NA,NA,NA,NA,NA,26
"368","8",1.13961153922812,1975,126,1950,NA,NA,NA,NA,NA,26
"369","8",1.32600024017713,1975,126,1950,NA,NA,NA,NA,NA,26
"370","8",0.514445945915166,1975,126,1950,NA,NA,NA,NA,NA,26
"371","8",1.05785904901756,1975,126,1950,NA,NA,NA,NA,NA,26
"372","8",0.95401592662963,1975,126,1950,NA,NA,NA,NA,NA,26
"373","8",0.729413344332741,1975,126,1950,NA,NA,NA,NA,NA,26
"374","8",0.776908145806283,1975,126,1950,NA,NA,NA,NA,NA,26
"375","8",NA,1975,126,1950,NA,NA,NA,NA,NA,26
"376","8",NA,1975,126,1950,NA,NA,NA,NA,NA,26
"377","8",NA,1975,126,1950,NA,NA,NA,NA,NA,26
"378","8",NA,1975,126,1950,NA,NA,NA,NA,NA,26
"379","8",NA,1975,126,1950,NA,NA,NA,NA,NA,26
"380","8",NA,1975,126,1950,NA,NA,NA,NA,NA,26
"381","8",NA,1975,126,1950,NA,NA,NA,NA,NA,26
"382","8",NA,1975,126,1950,NA,NA,NA,NA,NA,26
"383","8",NA,1975,126,1950,NA,NA,NA,NA,NA,26
"384","8",NA,1975,126,1950,NA,NA,NA,NA,NA,26
"385","8",NA,1975,126,1950,NA,NA,NA,NA,NA,26
"386","8",NA,1975,126,1950,NA,NA,NA,NA,NA,26
"387","8",NA,1975,126,1950,NA,NA,NA,NA,NA,26
"388","8",NA,1975,126,1950,NA,NA,NA,NA,NA,26
"389","8",NA,1975,126,1950,NA,NA,NA,NA,NA,26
"390","8",NA,1975,126,1950,NA,NA,NA,NA,NA,26
"391","8",NA,1975,126,1950,NA,NA,NA,NA,NA,26
"392","8",NA,1975,126,1950,NA,NA,NA,NA,NA,26
"393","8",NA,1975,126,1950,NA,NA,NA,NA,NA,26
"394","8",NA,1975,126,1950,NA,NA,NA,NA,NA,26
"395","8",NA,1975,126,1950,NA,NA,NA,NA,NA,26
"396","8",NA,1975,126,1950,NA,NA,NA,NA,NA,26
"397","8",NA,1975,126,1950,NA,NA,NA,NA,NA,26
"398","8",NA,1975,126,1950,NA,NA,NA,NA,NA,26
"399","8",NA,1975,126,1950,NA,NA,NA,NA,NA,26
"400","8",NA,1975,126,1950,NA,NA,NA,NA,NA,26
"401","9",0.433144569624832,1976,127,1950,NA,NA,NA,NA,NA,27
"402","9",0.567130050625204,1976,127,1950,NA,NA,NA,NA,NA,27
"403","9",1.70077608742496,1976,127,1950,NA,NA,NA,NA,NA,27
"404","9",1.32379307469241,1976,127,1950,NA,NA,NA,NA,NA,27
"405","9",0.974563479977095,1976,127,1950,NA,NA,NA,NA,NA,27
"406","9",0.938513653203447,1976,127,1950,NA,NA,NA,NA,NA,27
"407","9",1.10002956232682,1976,127,1950,NA,NA,NA,NA,NA,27
"408","9",1.27522488971752,1976,127,1950,NA,NA,NA,NA,NA,27
"409","9",0.755582380126134,1976,127,1950,NA,NA,NA,NA,NA,27
"410","9",0.582452626706923,1976,127,1950,NA,NA,NA,NA,NA,27
"411","9",0.814503036004319,1976,127,1950,NA,NA,NA,NA,NA,27
"412","9",1.16148995599544,1976,127,1950,NA,NA,NA,NA,NA,27
"413","9",0.739880982843322,1976,127,1950,NA,NA,NA,NA,NA,27
"414","9",0.616643328133299,1976,127,1950,NA,NA,NA,NA,NA,27
"415","9",1.22507982599348,1976,127,1950,NA,NA,NA,NA,NA,27
"416","9",1.18664715595625,1976,127,1950,NA,NA,NA,NA,NA,27
"417","9",1.21962876063086,1976,127,1950,NA,NA,NA,NA,NA,27
"418","9",1.33920315641754,1976,127,1950,NA,NA,NA,NA,NA,27
"419","9",0.820630344794524,1976,127,1950,NA,NA,NA,NA,NA,27
"420","9",0.519740827779204,1976,127,1950,NA,NA,NA,NA,NA,27
"421","9",0.751487780375759,1976,127,1950,NA,NA,NA,NA,NA,27
"422","9",0.958250990808285,1976,127,1950,NA,NA,NA,NA,NA,27
"423","9",1.1394587594191,1976,127,1950,NA,NA,NA,NA,NA,27
"424","9",0.734422871301817,1976,127,1950,NA,NA,NA,NA,NA,27
"425","9",0.768640630147342,1976,127,1950,NA,NA,NA,NA,NA,27
"426","9",0.787203836696849,1976,127,1950,NA,NA,NA,NA,NA,27
"427","9",0.896845352047623,1976,127,1950,NA,NA,NA,NA,NA,27
"428","9",0.745076796814415,1976,127,1950,NA,NA,NA,NA,NA,27
"429","9",NA,1976,127,1950,NA,NA,NA,NA,NA,27
"430","9",NA,1976,127,1950,NA,NA,NA,NA,NA,27
"431","9",NA,1976,127,1950,NA,NA,NA,NA,NA,27
"432","9",NA,1976,127,1950,NA,NA,NA,NA,NA,27
"433","9",NA,1976,127,1950,NA,NA,NA,NA,NA,27
"434","9",NA,1976,127,1950,NA,NA,NA,NA,NA,27
"435","9",NA,1976,127,1950,NA,NA,NA,NA,NA,27
"436","9",NA,1976,127,1950,NA,NA,NA,NA,NA,27
"437","9",NA,1976,127,1950,NA,NA,NA,NA,NA,27
"438","9",NA,1976,127,1950,NA,NA,NA,NA,NA,27
"439","9",NA,1976,127,1950,NA,NA,NA,NA,NA,27
"440","9",NA,1976,127,1950,NA,NA,NA,NA,NA,27
"441","9",NA,1976,127,1950,NA,NA,NA,NA,NA,27
"442","9",NA,1976,127,1950,NA,NA,NA,NA,NA,27
"443","9",NA,1976,127,1950,NA,NA,NA,NA,NA,27
"444","9",NA,1976,127,1950,NA,NA,NA,NA,NA,27
"445","9",NA,1976,127,1950,NA,NA,NA,NA,NA,27
"446","9",NA,1976,127,1950,NA,NA,NA,NA,NA,27
"447","9",NA,1976,127,1950,NA,NA,NA,NA,NA,27
"448","9",NA,1976,127,1950,NA,NA,NA,NA,NA,27
"449","9",NA,1976,127,1950,NA,NA,NA,NA,NA,27
"450","9",NA,1976,127,1950,NA,NA,NA,NA,NA,27
"451","10",0.711986655771244,1977,128,1950,NA,NA,NA,NA,NA,28
"452","10",0.772788743156543,1977,128,1950,NA,NA,NA,NA,NA,28
"453","10",1.24640160893711,1977,128,1950,NA,NA,NA,NA,NA,28
"454","10",1.08356437725965,1977,128,1950,NA,NA,NA,NA,NA,28
"455","10",1.08206042031338,1977,128,1950,NA,NA,NA,NA,NA,28
"456","10",0.917405874511665,1977,128,1950,NA,NA,NA,NA,NA,28
"457","10",1.08957629469925,1977,128,1950,NA,NA,NA,NA,NA,28
"458","10",1.05858433462496,1977,128,1950,NA,NA,NA,NA,NA,28
"459","10",0.911893541337579,1977,128,1950,NA,NA,NA,NA,NA,28
"460","10",0.641413781480305,1977,128,1950,NA,NA,NA,NA,NA,28
"461","10",0.951645819628533,1977,128,1950,NA,NA,NA,NA,NA,28
"462","10",0.992105535591191,1977,128,1950,NA,NA,NA,NA,NA,28
"463","10",0.863924427652569,1977,128,1950,NA,NA,NA,NA,NA,28
"464","10",1.03586448554039,1977,128,1950,NA,NA,NA,NA,NA,28
"465","10",1.0747850541141,1977,128,1950,NA,NA,NA,NA,NA,28
"466","10",1.14956486952594,1977,128,1950,NA,NA,NA,NA,NA,28
"467","10",1.02466507394449,1977,128,1950,NA,NA,NA,NA,NA,28
"468","10",1.34403233676323,1977,128,1950,NA,NA,NA,NA,NA,28
"469","10",2.20443851218687,1977,128,1950,NA,NA,NA,NA,NA,28
"470","10",1.19269393028895,1977,128,1950,NA,NA,NA,NA,NA,28
"471","10",1.14364568652636,1977,128,1950,NA,NA,NA,NA,NA,28
"472","10",0.85754269312189,1977,128,1950,NA,NA,NA,NA,NA,28
"473","10",0.966265287106348,1977,128,1950,NA,NA,NA,NA,NA,28
"474","10",1.09162306756908,1977,128,1950,NA,NA,NA,NA,NA,28
"475","10",1.32420407513489,1977,128,1950,NA,NA,NA,NA,NA,28
"476","10",0.723273148431619,1977,128,1950,NA,NA,NA,NA,NA,28
"477","10",1.11619217200371,1977,128,1950,NA,NA,NA,NA,NA,28
"478","10",0.858056486839726,1977,128,1950,NA,NA,NA,NA,NA,28
"479","10",1.16365506257752,1977,128,1950,NA,NA,NA,NA,NA,28
"480","10",1.0689538231181,1977,128,1950,NA,NA,NA,NA,NA,28
"481","10",0.804476797965465,1977,128,1950,NA,NA,NA,NA,NA,28
"482","10",NA,1977,128,1950,NA,NA,NA,NA,NA,28
"483","10",NA,1977,128,1950,NA,NA,NA,NA,NA,28
"484","10",NA,1977,128,1950,NA,NA,NA,NA,NA,28
"485","10",NA,1977,128,1950,NA,NA,NA,NA,NA,28
"486","10",NA,1977,128,1950,NA,NA,NA,NA,NA,28
"487","10",NA,1977,128,1950,NA,NA,NA,NA,NA,28
"488","10",NA,1977,128,1950,NA,NA,NA,NA,NA,28
"489","10",NA,1977,128,1950,NA,NA,NA,NA,NA,28
"490","10",NA,1977,128,1950,NA,NA,NA,NA,NA,28
"491","10",NA,1977,128,1950,NA,NA,NA,NA,NA,28
"492","10",NA,1977,128,1950,NA,NA,NA,NA,NA,28
"493","10",NA,1977,128,1950,NA,NA,NA,NA,NA,28
"494","10",NA,1977,128,1950,NA,NA,NA,NA,NA,28
"495","10",NA,1977,128,1950,NA,NA,NA,NA,NA,28
"496","10",NA,1977,128,1950,NA,NA,NA,NA,NA,28
"497","10",NA,1977,128,1950,NA,NA,NA,NA,NA,28
"498","10",NA,1977,128,1950,NA,NA,NA,NA,NA,28
"499","10",NA,1977,128,1950,NA,NA,NA,NA,NA,28
"500","10",NA,1977,128,1950,NA,NA,NA,NA,NA,28
"501","11",1.41943669850463,1978,129,1950,"R4","CHOCON","PSEORE",5,3,29
"502","11",1.71321406560657,1978,129,1950,"R4","CHOCON","PSEORE",5,3,29
"503","11",1.00455153111479,1978,129,1950,"R4","CHOCON","PSEORE",5,3,29
"504","11",0.919234430160605,1978,129,1950,"R4","CHOCON","PSEORE",5,3,29
"505","11",0.84431870240597,1978,129,1950,"R4","CHOCON","PSEORE",5,3,29
"506","11",0.763110271921697,1978,129,1950,"R4","CHOCON","PSEORE",5,3,29
"507","11",0.899951061512777,1978,129,1950,"R4","CHOCON","PSEORE",5,3,29
"508","11",0.927284464912643,1978,129,1950,"R4","CHOCON","PSEORE",5,3,29
"509","11",0.49895843455368,1978,129,1950,"R4","CHOCON","PSEORE",5,3,29
"510","11",0.904634444149727,1978,129,1950,"R4","CHOCON","PSEORE",5,3,29
"511","11",1.48808336068049,1978,129,1950,"R4","CHOCON","PSEORE",5,3,29
"512","11",1.07256082816732,1978,129,1950,"R4","CHOCON","PSEORE",5,3,29
"513","11",1.11585097018208,1978,129,1950,"R4","CHOCON","PSEORE",5,3,29
"514","11",0.998902062743418,1978,129,1950,"R4","CHOCON","PSEORE",5,3,29
"515","11",1.0179345597206,1978,129,1950,"R4","CHOCON","PSEORE",5,3,29
"516","11",1.09183564393809,1978,129,1950,"R4","CHOCON","PSEORE",5,3,29
"517","11",1.20623977994656,1978,129,1950,"R4","CHOCON","PSEORE",5,3,29
"518","11",0.97941723150305,1978,129,1950,"R4","CHOCON","PSEORE",5,3,29
"519","11",1.01522260696078,1978,129,1950,"R4","CHOCON","PSEORE",5,3,29
"520","11",1.23747020799472,1978,129,1950,"R4","CHOCON","PSEORE",5,3,29
"521","11",1.27843773046533,1978,129,1950,"R4","CHOCON","PSEORE",5,3,29
"522","11",0.88897277527934,1978,129,1950,"R4","CHOCON","PSEORE",5,3,29
"523","11",1.02967356320727,1978,129,1950,"R4","CHOCON","PSEORE",5,3,29
"524","11",0.540187676664645,1978,129,1950,"R4","CHOCON","PSEORE",5,3,29
"525","11",0.999612694535297,1978,129,1950,"R4","CHOCON","PSEORE",5,3,29
"526","11",0.663220085007231,1978,129,1950,"R4","CHOCON","PSEORE",5,3,29
"527","11",0.844624045421561,1978,129,1950,"R4","CHOCON","PSEORE",5,3,29
"528","11",0.779347403030644,1978,129,1950,"R4","CHOCON","PSEORE",5,3,29
"529","11",0.772470603975544,1978,129,1950,"R4","CHOCON","PSEORE",5,3,29
"530","11",1.04933103161361,1978,129,1950,"R4","CHOCON","PSEORE",5,3,29
"531","11",0.493903429204296,1978,129,1950,"R4","CHOCON","PSEORE",5,3,29
"532","11",1.01285520935967,1978,129,1950,"R4","CHOCON","PSEORE",5,3,29
"533","11",0.867626848385439,1978,129,1950,"R4","CHOCON","PSEORE",5,3,29
"534","11",0.599977650608639,1978,129,1950,"R4","CHOCON","PSEORE",5,3,29
"535","11",0.925970799923726,1978,129,1950,"R4","CHOCON","PSEORE",5,3,29
"536","11",0.784912093653941,1978,129,1950,"R4","CHOCON","PSEORE",5,3,29
"537","11",0.750982978169872,1978,129,1950,"R4","CHOCON","PSEORE",5,3,29
"538","11",NA,1978,129,1950,"R4","CHOCON","PSEORE",5,3,29
"539","11",NA,1978,129,1950,"R4","CHOCON","PSEORE",5,3,29
"540","11",NA,1978,129,1950,"R4","CHOCON","PSEORE",5,3,29
"541","11",NA,1978,129,1950,"R4","CHOCON","PSEORE",5,3,29
"542","11",NA,1978,129,1950,"R4","CHOCON","PSEORE",5,3,29
"543","11",NA,1978,129,1950,"R4","CHOCON","PSEORE",5,3,29
"544","11",NA,1978,129,1950,"R4","CHOCON","PSEORE",5,3,29
"545","11",NA,1978,129,1950,"R4","CHOCON","PSEORE",5,3,29
"546","11",NA,1978,129,1950,"R4","CHOCON","PSEORE",5,3,29
"547","11",NA,1978,129,1950,"R4","CHOCON","PSEORE",5,3,29
"548","11",NA,1978,129,1950,"R4","CHOCON","PSEORE",5,3,29
"549","11",NA,1978,129,1950,"R4","CHOCON","PSEORE",5,3,29
"550","11",NA,1978,129,1950,"R4","CHOCON","PSEORE",5,3,29
"551","12",1.30207673788803,1979,130,1950,"R4","OPEBRU","N/A",5,3,30
"552","12",1.70780143453242,1979,130,1950,"R4","OPEBRU","N/A",5,3,30
"553","12",1.5757377120545,1979,130,1950,"R4","OPEBRU","N/A",5,3,30
"554","12",1.20076833150458,1979,130,1950,"R4","OPEBRU","N/A",5,3,30
"555","12",0.948676565543334,1979,130,1950,"R4","OPEBRU","N/A",5,3,30
"556","12",1.02704528317258,1979,130,1950,"R4","OPEBRU","N/A",5,3,30
"557","12",0.995085071643152,1979,130,1950,"R4","OPEBRU","N/A",5,3,30
"558","12",0.999778930079238,1979,130,1950,"R4","OPEBRU","N/A",5,3,30
"559","12",0.731187749288171,1979,130,1950,"R4","OPEBRU","N/A",5,3,30
"560","12",0.740670210214086,1979,130,1950,"R4","OPEBRU","N/A",5,3,30
"561","12",1.27750879475877,1979,130,1950,"R4","OPEBRU","N/A",5,3,30
"562","12",1.04008793030903,1979,130,1950,"R4","OPEBRU","N/A",5,3,30
"563","12",1.32568570651543,1979,130,1950,"R4","OPEBRU","N/A",5,3,30
"564","12",1.55609642151174,1979,130,1950,"R4","OPEBRU","N/A",5,3,30
"565","12",1.14445456914109,1979,130,1950,"R4","OPEBRU","N/A",5,3,30
"566","12",1.21309516856547,1979,130,1950,"R4","OPEBRU","N/A",5,3,30
"567","12",1.27780714581205,1979,130,1950,"R4","OPEBRU","N/A",5,3,30
"568","12",0.978062957955076,1979,130,1950,"R4","OPEBRU","N/A",5,3,30
"569","12",0.290781396406702,1979,130,1950,"R4","OPEBRU","N/A",5,3,30
"570","12",1.74343954508976,1979,130,1950,"R4","OPEBRU","N/A",5,3,30
"571","12",1.34653770673978,1979,130,1950,"R4","OPEBRU","N/A",5,3,30
"572","12",0.966334269405188,1979,130,1950,"R4","OPEBRU","N/A",5,3,30
"573","12",0.68018434967626,1979,130,1950,"R4","OPEBRU","N/A",5,3,30
"574","12",1.51133382970627,1979,130,1950,"R4","OPEBRU","N/A",5,3,30
"575","12",1.10458242495744,1979,130,1950,"R4","OPEBRU","N/A",5,3,30
"576","12",1.44865670968373,1979,130,1950,"R4","OPEBRU","N/A",5,3,30
"577","12",0.979022423636312,1979,130,1950,"R4","OPEBRU","N/A",5,3,30
"578","12",0.897160110497446,1979,130,1950,"R4","OPEBRU","N/A",5,3,30
"579","12",1.43773700161669,1979,130,1950,"R4","OPEBRU","N/A",5,3,30
"580","12",1.25240671325512,1979,130,1950,"R4","OPEBRU","N/A",5,3,30
"581","12",1.42204686420312,1979,130,1950,"R4","OPEBRU","N/A",5,3,30
"582","12",1.22376954907725,1979,130,1950,"R4","OPEBRU","N/A",5,3,30
"583","12",1.1050921642419,1979,130,1950,"R4","OPEBRU","N/A",5,3,30
"584","12",1.06043478052299,1979,130,1950,"R4","OPEBRU","N/A",5,3,30
"585","12",0.968995784867276,1979,130,1950,"R4","OPEBRU","N/A",5,3,30
"586","12",1.02322129046766,1979,130,1950,"R4","OPEBRU","N/A",5,3,30
"587","12",0.901887363193869,1979,130,1950,"R4","OPEBRU","N/A",5,3,30
"588","12",1.110606423693,1979,130,1950,"R4","OPEBRU","N/A",5,3,30
"589","12",0.902139192866224,1979,130,1950,"R4","OPEBRU","N/A",5,3,30
"590","12",0.88654872898339,1979,130,1950,"R4","OPEBRU","N/A",5,3,30
"591","12",0.981538255738509,1979,130,1950,"R4","OPEBRU","N/A",5,3,30
"592","12",NA,1979,130,1950,"R4","OPEBRU","N/A",5,3,30
"593","12",NA,1979,130,1950,"R4","OPEBRU","N/A",5,3,30
"594","12",NA,1979,130,1950,"R4","OPEBRU","N/A",5,3,30
"595","12",NA,1979,130,1950,"R4","OPEBRU","N/A",5,3,30
"596","12",NA,1979,130,1950,"R4","OPEBRU","N/A",5,3,30
"597","12",NA,1979,130,1950,"R4","OPEBRU","N/A",5,3,30
"598","12",NA,1979,130,1950,"R4","OPEBRU","N/A",5,3,30
"599","12",NA,1979,130,1950,"R4","OPEBRU","N/A",5,3,30
"600","12",NA,1979,130,1950,"R4","OPEBRU","N/A",5,3,30
"601","13",0.606707184174317,1980,131,1950,"R4","OPEBRU","CHOCON",5,3,31
"602","13",0.606707184174317,1980,131,1950,"R4","MALDIS","N/A",5,3,31
"603","13",0.726163873699363,1980,131,1950,"R4","OPEBRU","CHOCON",5,3,31
"604","13",0.726163873699363,1980,131,1950,"R4","MALDIS","N/A",5,3,31
"605","13",0.673071647422199,1980,131,1950,"R4","OPEBRU","CHOCON",5,3,31
"606","13",0.673071647422199,1980,131,1950,"R4","MALDIS","N/A",5,3,31
"607","13",0.958013631025533,1980,131,1950,"R4","OPEBRU","CHOCON",5,3,31
"608","13",0.958013631025533,1980,131,1950,"R4","MALDIS","N/A",5,3,31
"609","13",0.577109911673984,1980,131,1950,"R4","OPEBRU","CHOCON",5,3,31
"610","13",0.577109911673984,1980,131,1950,"R4","MALDIS","N/A",5,3,31
"611","13",0.657838692561134,1980,131,1950,"R4","OPEBRU","CHOCON",5,3,31
"612","13",0.657838692561134,1980,131,1950,"R4","MALDIS","N/A",5,3,31
"613","13",0.59823306878204,1980,131,1950,"R4","OPEBRU","CHOCON",5,3,31
"614","13",0.59823306878204,1980,131,1950,"R4","MALDIS","N/A",5,3,31
"615","13",0.757236877189494,1980,131,1950,"R4","OPEBRU","CHOCON",5,3,31
"616","13",0.757236877189494,1980,131,1950,"R4","MALDIS","N/A",5,3,31
"617","13",0.494302638154203,1980,131,1950,"R4","OPEBRU","CHOCON",5,3,31
"618","13",0.494302638154203,1980,131,1950,"R4","MALDIS","N/A",5,3,31
"619","13",0.849636938534353,1980,131,1950,"R4","OPEBRU","CHOCON",5,3,31
"620","13",0.849636938534353,1980,131,1950,"R4","MALDIS","N/A",5,3,31
"621","13",1.10478287733396,1980,131,1950,"R4","OPEBRU","CHOCON",5,3,31
"622","13",1.10478287733396,1980,131,1950,"R4","MALDIS","N/A",5,3,31
"623","13",1.2029877907484,1980,131,1950,"R4","OPEBRU","CHOCON",5,3,31
"624","13",1.2029877907484,1980,131,1950,"R4","MALDIS","N/A",5,3,31
"625","13",0.576232495014584,1980,131,1950,"R4","OPEBRU","CHOCON",5,3,31
"626","13",0.576232495014584,1980,131,1950,"R4","MALDIS","N/A",5,3,31
"627","13",0.80266850143162,1980,131,1950,"R4","OPEBRU","CHOCON",5,3,31
"628","13",0.80266850143162,1980,131,1950,"R4","MALDIS","N/A",5,3,31
"629","13",0.619314552757199,1980,131,1950,"R4","OPEBRU","CHOCON",5,3,31
"630","13",0.619314552757199,1980,131,1950,"R4","MALDIS","N/A",5,3,31
"631","13",0.898086724802547,1980,131,1950,"R4","OPEBRU","CHOCON",5,3,31
"632","13",0.898086724802547,1980,131,1950,"R4","MALDIS","N/A",5,3,31
"633","13",0.849912707182366,1980,131,1950,"R4","OPEBRU","CHOCON",5,3,31
"634","13",0.849912707182366,1980,131,1950,"R4","MALDIS","N/A",5,3,31
"635","13",0.737133969527185,1980,131,1950,"R4","OPEBRU","CHOCON",5,3,31
"636","13",0.737133969527185,1980,131,1950,"R4","MALDIS","N/A",5,3,31
"637","13",0.285690560632566,1980,131,1950,"R4","OPEBRU","CHOCON",5,3,31
"638","13",0.285690560632566,1980,131,1950,"R4","MALDIS","N/A",5,3,31
"639","13",0.59390889506795,1980,131,1950,"R4","OPEBRU","CHOCON",5,3,31
"640","13",0.59390889506795,1980,131,1950,"R4","MALDIS","N/A",5,3,31
"641","13",0.590590498684383,1980,131,1950,"R4","OPEBRU","CHOCON",5,3,31
"642","13",0.590590498684383,1980,131,1950,"R4","MALDIS","N/A",5,3,31
"643","13",0.905246014110209,1980,131,1950,"R4","OPEBRU","CHOCON",5,3,31
"644","13",0.905246014110209,1980,131,1950,"R4","MALDIS","N/A",5,3,31
"645","13",0.898232537164735,1980,131,1950,"R4","OPEBRU","CHOCON",5,3,31
"646","13",0.898232537164735,1980,131,1950,"R4","MALDIS","N/A",5,3,31
"647","13",1.05733678875647,1980,131,1950,"R4","OPEBRU","CHOCON",5,3,31
"648","13",1.05733678875647,1980,131,1950,"R4","MALDIS","N/A",5,3,31
"649","13",1.0012091158853,1980,131,1950,"R4","OPEBRU","CHOCON",5,3,31
"650","13",1.0012091158853,1980,131,1950,"R4","MALDIS","N/A",5,3,31
"651","13",1.04561633170559,1980,131,1950,"R4","OPEBRU","CHOCON",5,3,31
"652","13",1.04561633170559,1980,131,1950,"R4","MALDIS","N/A",5,3,31
"653","13",0.843153720089024,1980,131,1950,"R4","OPEBRU","CHOCON",5,3,31
"654","13",0.843153720089024,1980,131,1950,"R4","MALDIS","N/A",5,3,31
"655","13",1.09653756323767,1980,131,1950,"R4","OPEBRU","CHOCON",5,3,31
"656","13",1.09653756323767,1980,131,1950,"R4","MALDIS","N/A",5,3,31
"657","13",0.84711785088914,1980,131,1950,"R4","OPEBRU","CHOCON",5,3,31
"658","13",0.84711785088914,1980,131,1950,"R4","MALDIS","N/A",5,3,31
"659","13",0.922544609525613,1980,131,1950,"R4","OPEBRU","CHOCON",5,3,31
"660","13",0.922544609525613,1980,131,1950,"R4","MALDIS","N/A",5,3,31
"661","13",0.836537653470215,1980,131,1950,"R4","OPEBRU","CHOCON",5,3,31
"662","13",0.836537653470215,1980,131,1950,"R4","MALDIS","N/A",5,3,31
"663","13",0.874042976024266,1980,131,1950,"R4","OPEBRU","CHOCON",5,3,31
"664","13",0.874042976024266,1980,131,1950,"R4","MALDIS","N/A",5,3,31
"665","13",0.886643244496006,1980,131,1950,"R4","OPEBRU","CHOCON",5,3,31
"666","13",0.886643244496006,1980,131,1950,"R4","MALDIS","N/A",5,3,31
"667","13",0.872588177896801,1980,131,1950,"R4","OPEBRU","CHOCON",5,3,31
"668","13",0.872588177896801,1980,131,1950,"R4","MALDIS","N/A",5,3,31
"669","13",0.956071705852135,1980,131,1950,"R4","OPEBRU","CHOCON",5,3,31
"670","13",0.956071705852135,1980,131,1950,"R4","MALDIS","N/A",5,3,31
"671","13",1.07568267067142,1980,131,1950,"R4","OPEBRU","CHOCON",5,3,31
"672","13",1.07568267067142,1980,131,1950,"R4","MALDIS","N/A",5,3,31
"673","13",0.969754499854376,1980,131,1950,"R4","OPEBRU","CHOCON",5,3,31
"674","13",0.969754499854376,1980,131,1950,"R4","MALDIS","N/A",5,3,31
"675","13",0.906579944182798,1980,131,1950,"R4","OPEBRU","CHOCON",5,3,31
"676","13",0.906579944182798,1980,131,1950,"R4","MALDIS","N/A",5,3,31
"677","13",0.932285766753199,1980,131,1950,"R4","OPEBRU","CHOCON",5,3,31
"678","13",0.932285766753199,1980,131,1950,"R4","MALDIS","N/A",5,3,31
"679","13",0.811054551467556,1980,131,1950,"R4","OPEBRU","CHOCON",5,3,31
"680","13",0.811054551467556,1980,131,1950,"R4","MALDIS","N/A",5,3,31
"681","13",1.19313748637915,1980,131,1950,"R4","OPEBRU","CHOCON",5,3,31
"682","13",1.19313748637915,1980,131,1950,"R4","MALDIS","N/A",5,3,31
"683","13",1.1422525675167,1980,131,1950,"R4","OPEBRU","CHOCON",5,3,31
"684","13",1.1422525675167,1980,131,1950,"R4","MALDIS","N/A",5,3,31
"685","13",1.09483749647589,1980,131,1950,"R4","OPEBRU","CHOCON",5,3,31
"686","13",1.09483749647589,1980,131,1950,"R4","MALDIS","N/A",5,3,31
"687","13",NA,1980,131,1950,"R4","OPEBRU","CHOCON",5,3,31
"688","13",NA,1980,131,1950,"R4","MALDIS","N/A",5,3,31
"689","13",NA,1980,131,1950,"R4","OPEBRU","CHOCON",5,3,31
"690","13",NA,1980,131,1950,"R4","MALDIS","N/A",5,3,31
"691","13",NA,1980,131,1950,"R4","OPEBRU","CHOCON",5,3,31
"692","13",NA,1980,131,1950,"R4","MALDIS","N/A",5,3,31
"693","13",NA,1980,131,1950,"R4","OPEBRU","CHOCON",5,3,31
"694","13",NA,1980,131,1950,"R4","MALDIS","N/A",5,3,31
"695","13",NA,1980,131,1950,"R4","OPEBRU","CHOCON",5,3,31
"696","13",NA,1980,131,1950,"R4","MALDIS","N/A",5,3,31
"697","13",NA,1980,131,1950,"R4","OPEBRU","CHOCON",5,3,31
"698","13",NA,1980,131,1950,"R4","MALDIS","N/A",5,3,31
"699","13",NA,1980,131,1950,"R4","OPEBRU","CHOCON",5,3,31
"700","13",NA,1980,131,1950,"R4","MALDIS","N/A",5,3,31
"701","14",0.801216835660828,1981,132,1950,"R4","MALDIS","CHOCON",5,3,32
"702","14",1.09185544493174,1981,132,1950,"R4","MALDIS","CHOCON",5,3,32
"703","14",0.986066849320985,1981,132,1950,"R4","MALDIS","CHOCON",5,3,32
"704","14",1.5039033315544,1981,132,1950,"R4","MALDIS","CHOCON",5,3,32
"705","14",0.968295042490801,1981,132,1950,"R4","MALDIS","CHOCON",5,3,32
"706","14",0.848767070689318,1981,132,1950,"R4","MALDIS","CHOCON",5,3,32
"707","14",0.962192438266826,1981,132,1950,"R4","MALDIS","CHOCON",5,3,32
"708","14",1.07700817961871,1981,132,1950,"R4","MALDIS","CHOCON",5,3,32
"709","14",1.1542951876627,1981,132,1950,"R4","MALDIS","CHOCON",5,3,32
"710","14",0.705539248287259,1981,132,1950,"R4","MALDIS","CHOCON",5,3,32
"711","14",0.516327197783952,1981,132,1950,"R4","MALDIS","CHOCON",5,3,32
"712","14",0.485201132867441,1981,132,1950,"R4","MALDIS","CHOCON",5,3,32
"713","14",0.759192964144673,1981,132,1950,"R4","MALDIS","CHOCON",5,3,32
"714","14",0.82355200096974,1981,132,1950,"R4","MALDIS","CHOCON",5,3,32
"715","14",0.925135649104016,1981,132,1950,"R4","MALDIS","CHOCON",5,3,32
"716","14",1.2898084815256,1981,132,1950,"R4","MALDIS","CHOCON",5,3,32
"717","14",1.02222166495067,1981,132,1950,"R4","MALDIS","CHOCON",5,3,32
"718","14",1.0616431533335,1981,132,1950,"R4","MALDIS","CHOCON",5,3,32
"719","14",0.368380365398354,1981,132,1950,"R4","MALDIS","CHOCON",5,3,32
"720","14",0.352974732965227,1981,132,1950,"R4","MALDIS","CHOCON",5,3,32
"721","14",0.343666148213735,1981,132,1950,"R4","MALDIS","CHOCON",5,3,32
"722","14",1.15698846913224,1981,132,1950,"R4","MALDIS","CHOCON",5,3,32
"723","14",1.05573570479155,1981,132,1950,"R4","MALDIS","CHOCON",5,3,32
"724","14",0.580073533708246,1981,132,1950,"R4","MALDIS","CHOCON",5,3,32
"725","14",0.955493031225782,1981,132,1950,"R4","MALDIS","CHOCON",5,3,32
"726","14",1.35051490850637,1981,132,1950,"R4","MALDIS","CHOCON",5,3,32
"727","14",1.11772091239559,1981,132,1950,"R4","MALDIS","CHOCON",5,3,32
"728","14",1.19423092467968,1981,132,1950,"R4","MALDIS","CHOCON",5,3,32
"729","14",0.578387062634636,1981,132,1950,"R4","MALDIS","CHOCON",5,3,32
"730","14",0.812874737112269,1981,132,1950,"R4","MALDIS","CHOCON",5,3,32
"731","14",1.47677876120309,1981,132,1950,"R4","MALDIS","CHOCON",5,3,32
"732","14",0.854933541988373,1981,132,1950,"R4","MALDIS","CHOCON",5,3,32
"733","14",1.23276864135566,1981,132,1950,"R4","MALDIS","CHOCON",5,3,32
"734","14",1.39483237011479,1981,132,1950,"R4","MALDIS","CHOCON",5,3,32
"735","14",1.03628520384994,1981,132,1950,"R4","MALDIS","CHOCON",5,3,32
"736","14",1.02301545409763,1981,132,1950,"R4","MALDIS","CHOCON",5,3,32
"737","14",1.13730304843938,1981,132,1950,"R4","MALDIS","CHOCON",5,3,32
"738","14",0.960103276851551,1981,132,1950,"R4","MALDIS","CHOCON",5,3,32
"739","14",0.904311651433469,1981,132,1950,"R4","MALDIS","CHOCON",5,3,32
"740","14",1.07163913681375,1981,132,1950,"R4","MALDIS","CHOCON",5,3,32
"741","14",0.837467119013839,1981,132,1950,"R4","MALDIS","CHOCON",5,3,32
"742","14",0.958812970733379,1981,132,1950,"R4","MALDIS","CHOCON",5,3,32
"743","14",1.2351775766192,1981,132,1950,"R4","MALDIS","CHOCON",5,3,32
"744","14",NA,1981,132,1950,"R4","MALDIS","CHOCON",5,3,32
"745","14",NA,1981,132,1950,"R4","MALDIS","CHOCON",5,3,32
"746","14",NA,1981,132,1950,"R4","MALDIS","CHOCON",5,3,32
"747","14",NA,1981,132,1950,"R4","MALDIS","CHOCON",5,3,32
"748","14",NA,1981,132,1950,"R4","MALDIS","CHOCON",5,3,32
"749","14",NA,1981,132,1950,"R4","MALDIS","CHOCON",5,3,32
"750","14",NA,1981,132,1950,"R4","MALDIS","CHOCON",5,3,32
"751","15",1.10803051939585,1982,133,1950,"R4","MALDIS","N/A",5,3,33
"752","15",1.48683453000869,1982,133,1950,"R4","MALDIS","N/A",5,3,33
"753","15",0.387969872365807,1982,133,1950,"R4","MALDIS","N/A",5,3,33
"754","15",0.728068685207532,1982,133,1950,"R4","MALDIS","N/A",5,3,33
"755","15",0.965142500533779,1982,133,1950,"R4","MALDIS","N/A",5,3,33
"756","15",0.711792078619823,1982,133,1950,"R4","MALDIS","N/A",5,3,33
"757","15",0.889459993978841,1982,133,1950,"R4","MALDIS","N/A",5,3,33
"758","15",0.758156236174599,1982,133,1950,"R4","MALDIS","N/A",5,3,33
"759","15",0.612529902293472,1982,133,1950,"R4","MALDIS","N/A",5,3,33
"760","15",1.88143333523642,1982,133,1950,"R4","MALDIS","N/A",5,3,33
"761","15",0.787911592495996,1982,133,1950,"R4","MALDIS","N/A",5,3,33
"762","15",0.579375567800704,1982,133,1950,"R4","MALDIS","N/A",5,3,33
"763","15",0.570839178823999,1982,133,1950,"R4","MALDIS","N/A",5,3,33
"764","15",0.540149571852789,1982,133,1950,"R4","MALDIS","N/A",5,3,33
"765","15",0.808472622697976,1982,133,1950,"R4","MALDIS","N/A",5,3,33
"766","15",0.708882283375831,1982,133,1950,"R4","MALDIS","N/A",5,3,33
"767","15",0.591664076894863,1982,133,1950,"R4","MALDIS","N/A",5,3,33
"768","15",0.786035874801285,1982,133,1950,"R4","MALDIS","N/A",5,3,33
"769","15",0.94178632753666,1982,133,1950,"R4","MALDIS","N/A",5,3,33
"770","15",0.418484936088251,1982,133,1950,"R4","MALDIS","N/A",5,3,33
"771","15",0.450571466914011,1982,133,1950,"R4","MALDIS","N/A",5,3,33
"772","15",0.70581855971515,1982,133,1950,"R4","MALDIS","N/A",5,3,33
"773","15",0.81335880592458,1982,133,1950,"R4","MALDIS","N/A",5,3,33
"774","15",1.16404423711201,1982,133,1950,"R4","MALDIS","N/A",5,3,33
"775","15",0.786951146731607,1982,133,1950,"R4","MALDIS","N/A",5,3,33
"776","15",0.756600519230352,1982,133,1950,"R4","MALDIS","N/A",5,3,33
"777","15",0.77725698218156,1982,133,1950,"R4","MALDIS","N/A",5,3,33
"778","15",0.930833211742688,1982,133,1950,"R4","MALDIS","N/A",5,3,33
"779","15",0.922672531992305,1982,133,1950,"R4","MALDIS","N/A",5,3,33
"780","15",0.688531307184807,1982,133,1950,"R4","MALDIS","N/A",5,3,33
"781","15",1.05149917544798,1982,133,1950,"R4","MALDIS","N/A",5,3,33
"782","15",0.748938141405609,1982,133,1950,"R4","MALDIS","N/A",5,3,33
"783","15",0.860292670773873,1982,133,1950,"R4","MALDIS","N/A",5,3,33
"784","15",0.796588118481742,1982,133,1950,"R4","MALDIS","N/A",5,3,33
"785","15",0.721314641606186,1982,133,1950,"R4","MALDIS","N/A",5,3,33
"786","15",0.737469147107402,1982,133,1950,"R4","MALDIS","N/A",5,3,33
"787","15",0.807410894277609,1982,133,1950,"R4","MALDIS","N/A",5,3,33
"788","15",0.835013928510996,1982,133,1950,"R4","MALDIS","N/A",5,3,33
"789","15",0.823772724712165,1982,133,1950,"R4","MALDIS","N/A",5,3,33
"790","15",0.717914879821163,1982,133,1950,"R4","MALDIS","N/A",5,3,33
"791","15",0.771560161949482,1982,133,1950,"R4","MALDIS","N/A",5,3,33
"792","15",0.612849284218821,1982,133,1950,"R4","MALDIS","N/A",5,3,33
"793","15",0.682720648976256,1982,133,1950,"R4","MALDIS","N/A",5,3,33
"794","15",1.26276948944886,1982,133,1950,"R4","MALDIS","N/A",5,3,33
"795","15",0.877445208760648,1982,133,1950,"R4","MALDIS","N/A",5,3,33
"796","15",0.936916752925247,1982,133,1950,"R4","MALDIS","N/A",5,3,33
"797","15",0.0835539694784484,1982,133,1950,"R4","MALDIS","N/A",5,3,33
"798","15",NA,1982,133,1950,"R4","MALDIS","N/A",5,3,33
"799","15",NA,1982,133,1950,"R4","MALDIS","N/A",5,3,33
"800","15",NA,1982,133,1950,"R4","MALDIS","N/A",5,3,33
"801","16",1.37154081850069,1983,134,1950,"R4","MALDIS","N/A",5,3,34
"802","16",2.04826206560996,1983,134,1950,"R4","MALDIS","N/A",5,3,34
"803","16",0.66163923137742,1983,134,1950,"R4","MALDIS","N/A",5,3,34
"804","16",0.72462404178049,1983,134,1950,"R4","MALDIS","N/A",5,3,34
"805","16",1.27096112618409,1983,134,1950,"R4","MALDIS","N/A",5,3,34
"806","16",1.07660561512394,1983,134,1950,"R4","MALDIS","N/A",5,3,34
"807","16",1.03359540548421,1983,134,1950,"R4","MALDIS","N/A",5,3,34
"808","16",0.93796903320529,1983,134,1950,"R4","MALDIS","N/A",5,3,34
"809","16",0.836801126911375,1983,134,1950,"R4","MALDIS","N/A",5,3,34
"810","16",0.956388600563709,1983,134,1950,"R4","MALDIS","N/A",5,3,34
"811","16",0.621790702506292,1983,134,1950,"R4","MALDIS","N/A",5,3,34
"812","16",0.538440837593519,1983,134,1950,"R4","MALDIS","N/A",5,3,34
"813","16",1.15334865155634,1983,134,1950,"R4","MALDIS","N/A",5,3,34
"814","16",0.7400160228356,1983,134,1950,"R4","MALDIS","N/A",5,3,34
"815","16",1.05535849248139,1983,134,1950,"R4","MALDIS","N/A",5,3,34
"816","16",0.8550155856755,1983,134,1950,"R4","MALDIS","N/A",5,3,34
"817","16",0.788420513554717,1983,134,1950,"R4","MALDIS","N/A",5,3,34
"818","16",1.07108761120176,1983,134,1950,"R4","MALDIS","N/A",5,3,34
"819","16",1.31070846202021,1983,134,1950,"R4","MALDIS","N/A",5,3,34
"820","16",0.520145143048821,1983,134,1950,"R4","MALDIS","N/A",5,3,34
"821","16",0.652605784410991,1983,134,1950,"R4","MALDIS","N/A",5,3,34
"822","16",1.3028660334289,1983,134,1950,"R4","MALDIS","N/A",5,3,34
"823","16",1.32779603783054,1983,134,1950,"R4","MALDIS","N/A",5,3,34
"824","16",1.05620160640031,1983,134,1950,"R4","MALDIS","N/A",5,3,34
"825","16",0.932436227737735,1983,134,1950,"R4","MALDIS","N/A",5,3,34
"826","16",1.1492866008769,1983,134,1950,"R4","MALDIS","N/A",5,3,34
"827","16",1.19474670968677,1983,134,1950,"R4","MALDIS","N/A",5,3,34
"828","16",1.53588331466589,1983,134,1950,"R4","MALDIS","N/A",5,3,34
"829","16",1.16908254018804,1983,134,1950,"R4","MALDIS","N/A",5,3,34
"830","16",0.874676529016394,1983,134,1950,"R4","MALDIS","N/A",5,3,34
"831","16",1.33490875587325,1983,134,1950,"R4","MALDIS","N/A",5,3,34
"832","16",0.990415448761628,1983,134,1950,"R4","MALDIS","N/A",5,3,34
"833","16",0.927564917628272,1983,134,1950,"R4","MALDIS","N/A",5,3,34
"834","16",1.20954052292543,1983,134,1950,"R4","MALDIS","N/A",5,3,34
"835","16",1.11850828559215,1983,134,1950,"R4","MALDIS","N/A",5,3,34
"836","16",1.1180048217688,1983,134,1950,"R4","MALDIS","N/A",5,3,34
"837","16",1.58345427575382,1983,134,1950,"R4","MALDIS","N/A",5,3,34
"838","16",1.01556582185231,1983,134,1950,"R4","MALDIS","N/A",5,3,34
"839","16",1.18565715629512,1983,134,1950,"R4","MALDIS","N/A",5,3,34
"840","16",1.36469310708782,1983,134,1950,"R4","MALDIS","N/A",5,3,34
"841","16",1.13605846887825,1983,134,1950,"R4","MALDIS","N/A",5,3,34
"842","16",1.29900238904029,1983,134,1950,"R4","MALDIS","N/A",5,3,34
"843","16",1.03430617951489,1983,134,1950,"R4","MALDIS","N/A",5,3,34
"844","16",0.874166453005597,1983,134,1950,"R4","MALDIS","N/A",5,3,34
"845","16",1.25380677508339,1983,134,1950,"R4","MALDIS","N/A",5,3,34
"846","16",1.12106086204307,1983,134,1950,"R4","MALDIS","N/A",5,3,34
"847","16",1.38107981213438,1983,134,1950,"R4","MALDIS","N/A",5,3,34
"848","16",NA,1983,134,1950,"R4","MALDIS","N/A",5,3,34
"849","16",NA,1983,134,1950,"R4","MALDIS","N/A",5,3,34
"850","16",NA,1983,134,1950,"R4","MALDIS","N/A",5,3,34
"851","17",0.21053926721071,1984,135,1950,"R4","MALDIS","N/A",5,3,35
"852","17",0.436081957597953,1984,135,1950,"R4","MALDIS","N/A",5,3,35
"853","17",1.3020513609628,1984,135,1950,"R4","MALDIS","N/A",5,3,35
"854","17",1.19818068143375,1984,135,1950,"R4","MALDIS","N/A",5,3,35
"855","17",1.84483006262257,1984,135,1950,"R4","MALDIS","N/A",5,3,35
"856","17",1.75131419278116,1984,135,1950,"R4","MALDIS","N/A",5,3,35
"857","17",1.57589267159476,1984,135,1950,"R4","MALDIS","N/A",5,3,35
"858","17",1.48927310937946,1984,135,1950,"R4","MALDIS","N/A",5,3,35
"859","17",1.77002509598466,1984,135,1950,"R4","MALDIS","N/A",5,3,35
"860","17",1.69289959813532,1984,135,1950,"R4","MALDIS","N/A",5,3,35
"861","17",1.10454185575028,1984,135,1950,"R4","MALDIS","N/A",5,3,35
"862","17",0.639213039619747,1984,135,1950,"R4","MALDIS","N/A",5,3,35
"863","17",1.19975814277548,1984,135,1950,"R4","MALDIS","N/A",5,3,35
"864","17",1.2189415235382,1984,135,1950,"R4","MALDIS","N/A",5,3,35
"865","17",1.21829663767685,1984,135,1950,"R4","MALDIS","N/A",5,3,35
"866","17",0.964072621537342,1984,135,1950,"R4","MALDIS","N/A",5,3,35
"867","17",1.09808533920637,1984,135,1950,"R4","MALDIS","N/A",5,3,35
"868","17",1.13397239221981,1984,135,1950,"R4","MALDIS","N/A",5,3,35
"869","17",2.19587454445401,1984,135,1950,"R4","MALDIS","N/A",5,3,35
"870","17",1.37102364965388,1984,135,1950,"R4","MALDIS","N/A",5,3,35
"871","17",1.56454453074989,1984,135,1950,"R4","MALDIS","N/A",5,3,35
"872","17",1.36687092866871,1984,135,1950,"R4","MALDIS","N/A",5,3,35
"873","17",1.12847488204746,1984,135,1950,"R4","MALDIS","N/A",5,3,35
"874","17",1.26830565935833,1984,135,1950,"R4","MALDIS","N/A",5,3,35
"875","17",1.02030298863668,1984,135,1950,"R4","MALDIS","N/A",5,3,35
"876","17",1.21797230170526,1984,135,1950,"R4","MALDIS","N/A",5,3,35
"877","17",1.26812010203757,1984,135,1950,"R4","MALDIS","N/A",5,3,35
"878","17",1.29840517738903,1984,135,1950,"R4","MALDIS","N/A",5,3,35
"879","17",1.08077220720678,1984,135,1950,"R4","MALDIS","N/A",5,3,35
"880","17",1.13486878912727,1984,135,1950,"R4","MALDIS","N/A",5,3,35
"881","17",0.980530537893944,1984,135,1950,"R4","MALDIS","N/A",5,3,35
"882","17",1.07723081889475,1984,135,1950,"R4","MALDIS","N/A",5,3,35
"883","17",1.00519969562828,1984,135,1950,"R4","MALDIS","N/A",5,3,35
"884","17",1.08563125351277,1984,135,1950,"R4","MALDIS","N/A",5,3,35
"885","17",1.24813207930767,1984,135,1950,"R4","MALDIS","N/A",5,3,35
"886","17",1.3266813251564,1984,135,1950,"R4","MALDIS","N/A",5,3,35
"887","17",1.35393822437847,1984,135,1950,"R4","MALDIS","N/A",5,3,35
"888","17",1.01046799839985,1984,135,1950,"R4","MALDIS","N/A",5,3,35
"889","17",1.2727534801265,1984,135,1950,"R4","MALDIS","N/A",5,3,35
"890","17",1.28847106237662,1984,135,1950,"R4","MALDIS","N/A",5,3,35
"891","17",1.16909538670165,1984,135,1950,"R4","MALDIS","N/A",5,3,35
"892","17",1.14803322087107,1984,135,1950,"R4","MALDIS","N/A",5,3,35
"893","17",1.24143145319895,1984,135,1950,"R4","MALDIS","N/A",5,3,35
"894","17",0.980860098557982,1984,135,1950,"R4","MALDIS","N/A",5,3,35
"895","17",1.09389804563576,1984,135,1950,"R4","MALDIS","N/A",5,3,35
"896","17",1.05580623992414,1984,135,1950,"R4","MALDIS","N/A",5,3,35
"897","17",1.46052467701688,1984,135,1950,"R4","MALDIS","N/A",5,3,35
"898","17",NA,1984,135,1950,"R4","MALDIS","N/A",5,3,35
"899","17",NA,1984,135,1950,"R4","MALDIS","N/A",5,3,35
"900","17",NA,1984,135,1950,"R4","MALDIS","N/A",5,3,35
"901","18",1.20938760356978,1985,136,1950,NA,NA,NA,NA,NA,36
"902","18",0.269791868289476,1985,136,1950,NA,NA,NA,NA,NA,36
"903","18",1.82368270671269,1985,136,1950,NA,NA,NA,NA,NA,36
"904","18",1.63393310064699,1985,136,1950,NA,NA,NA,NA,NA,36
"905","18",1.44818461630831,1985,136,1950,NA,NA,NA,NA,NA,36
"906","18",1.45812597346322,1985,136,1950,NA,NA,NA,NA,NA,36
"907","18",1.01475918355265,1985,136,1950,NA,NA,NA,NA,NA,36
"908","18",1.2794801717674,1985,136,1950,NA,NA,NA,NA,NA,36
"909","18",1.607126648009,1985,136,1950,NA,NA,NA,NA,NA,36
"910","18",1.22412888572299,1985,136,1950,NA,NA,NA,NA,NA,36
"911","18",1.04425279462959,1985,136,1950,NA,NA,NA,NA,NA,36
"912","18",1.07932278974035,1985,136,1950,NA,NA,NA,NA,NA,36
"913","18",0.892981583567783,1985,136,1950,NA,NA,NA,NA,NA,36
"914","18",0.779060215081739,1985,136,1950,NA,NA,NA,NA,NA,36
"915","18",0.719473803750795,1985,136,1950,NA,NA,NA,NA,NA,36
"916","18",0.758847549229325,1985,136,1950,NA,NA,NA,NA,NA,36
"917","18",0.736366003362451,1985,136,1950,NA,NA,NA,NA,NA,36
"918","18",0.854598205486908,1985,136,1950,NA,NA,NA,NA,NA,36
"919","18",1.86151959354907,1985,136,1950,NA,NA,NA,NA,NA,36
"920","18",1.32227131749621,1985,136,1950,NA,NA,NA,NA,NA,36
"921","18",1.73037358626887,1985,136,1950,NA,NA,NA,NA,NA,36
"922","18",1.01056157196335,1985,136,1950,NA,NA,NA,NA,NA,36
"923","18",0.613389491665597,1985,136,1950,NA,NA,NA,NA,NA,36
"924","18",0.96458056751198,1985,136,1950,NA,NA,NA,NA,NA,36
"925","18",0.669216868930782,1985,136,1950,NA,NA,NA,NA,NA,36
"926","18",0.877145001665698,1985,136,1950,NA,NA,NA,NA,NA,36
"927","18",0.847421520497981,1985,136,1950,NA,NA,NA,NA,NA,36
"928","18",0.82260019715588,1985,136,1950,NA,NA,NA,NA,NA,36
"929","18",0.959794697417912,1985,136,1950,NA,NA,NA,NA,NA,36
"930","18",0.815152235926157,1985,136,1950,NA,NA,NA,NA,NA,36
"931","18",0.627205045179959,1985,136,1950,NA,NA,NA,NA,NA,36
"932","18",1.03982949561999,1985,136,1950,NA,NA,NA,NA,NA,36
"933","18",0.704307302942553,1985,136,1950,NA,NA,NA,NA,NA,36
"934","18",0.773359319409684,1985,136,1950,NA,NA,NA,NA,NA,36
"935","18",0.956716858839534,1985,136,1950,NA,NA,NA,NA,NA,36
"936","18",0.981975564431172,1985,136,1950,NA,NA,NA,NA,NA,36
"937","18",0.890835304382549,1985,136,1950,NA,NA,NA,NA,NA,36
"938","18",1.12613213091226,1985,136,1950,NA,NA,NA,NA,NA,36
"939","18",0.878922529509468,1985,136,1950,NA,NA,NA,NA,NA,36
"940","18",0.961672924935417,1985,136,1950,NA,NA,NA,NA,NA,36
"941","18",0.749558311331907,1985,136,1950,NA,NA,NA,NA,NA,36
"942","18",0.665598853526192,1985,136,1950,NA,NA,NA,NA,NA,36
"943","18",0.813692543168936,1985,136,1950,NA,NA,NA,NA,NA,36
"944","18",1.1318407630236,1985,136,1950,NA,NA,NA,NA,NA,36
"945","18",0.995215011836504,1985,136,1950,NA,NA,NA,NA,NA,36
"946","18",0.81588272520094,1985,136,1950,NA,NA,NA,NA,NA,36
"947","18",1.0348069186681,1985,136,1950,NA,NA,NA,NA,NA,36
"948","18",NA,1985,136,1950,NA,NA,NA,NA,NA,36
"949","18",NA,1985,136,1950,NA,NA,NA,NA,NA,36
"950","18",NA,1985,136,1950,NA,NA,NA,NA,NA,36
"951","19",1.25964817099094,1986,137,1950,"R4","MALDIS","N/A",5,3,37
"952","19",0.41285403361628,1986,137,1950,"R4","MALDIS","N/A",5,3,37
"953","19",0.880404634451317,1986,137,1950,"R4","MALDIS","N/A",5,3,37
"954","19",1.0686232581582,1986,137,1950,"R4","MALDIS","N/A",5,3,37
"955","19",1.27152272161714,1986,137,1950,"R4","MALDIS","N/A",5,3,37
"956","19",1.34542223485751,1986,137,1950,"R4","MALDIS","N/A",5,3,37
"957","19",0.93291276152411,1986,137,1950,"R4","MALDIS","N/A",5,3,37
"958","19",1.21318509954252,1986,137,1950,"R4","MALDIS","N/A",5,3,37
"959","19",1.54860128576257,1986,137,1950,"R4","MALDIS","N/A",5,3,37
"960","19",1.09000273257404,1986,137,1950,"R4","MALDIS","N/A",5,3,37
"961","19",0.660650967123595,1986,137,1950,"R4","MALDIS","N/A",5,3,37
"962","19",0.708697138465464,1986,137,1950,"R4","MALDIS","N/A",5,3,37
"963","19",1.35214147818418,1986,137,1950,"R4","MALDIS","N/A",5,3,37
"964","19",1.29066760774152,1986,137,1950,"R4","MALDIS","N/A",5,3,37
"965","19",1.3469062041567,1986,137,1950,"R4","MALDIS","N/A",5,3,37
"966","19",1.14501320251417,1986,137,1950,"R4","MALDIS","N/A",5,3,37
"967","19",0.990741004197336,1986,137,1950,"R4","MALDIS","N/A",5,3,37
"968","19",1.10011975786221,1986,137,1950,"R4","MALDIS","N/A",5,3,37
"969","19",1.50107767170463,1986,137,1950,"R4","MALDIS","N/A",5,3,37
"970","19",1.54354017254359,1986,137,1950,"R4","MALDIS","N/A",5,3,37
"971","19",1.67161054822376,1986,137,1950,"R4","MALDIS","N/A",5,3,37
"972","19",0.942872843303035,1986,137,1950,"R4","MALDIS","N/A",5,3,37
"973","19",1.03164665424341,1986,137,1950,"R4","MALDIS","N/A",5,3,37
"974","19",1.07854923528454,1986,137,1950,"R4","MALDIS","N/A",5,3,37
"975","19",1.22696642885391,1986,137,1950,"R4","MALDIS","N/A",5,3,37
"976","19",1.05061463523179,1986,137,1950,"R4","MALDIS","N/A",5,3,37
"977","19",0.938491245988663,1986,137,1950,"R4","MALDIS","N/A",5,3,37
"978","19",0.909318451056799,1986,137,1950,"R4","MALDIS","N/A",5,3,37
"979","19",1.08843259292818,1986,137,1950,"R4","MALDIS","N/A",5,3,37
"980","19",1.21922863053592,1986,137,1950,"R4","MALDIS","N/A",5,3,37
"981","19",0.651320427939189,1986,137,1950,"R4","MALDIS","N/A",5,3,37
"982","19",1.16468171035487,1986,137,1950,"R4","MALDIS","N/A",5,3,37
"983","19",1.41397065432818,1986,137,1950,"R4","MALDIS","N/A",5,3,37
"984","19",1.16363586341051,1986,137,1950,"R4","MALDIS","N/A",5,3,37
"985","19",0.971916137535778,1986,137,1950,"R4","MALDIS","N/A",5,3,37
"986","19",0.967788492076308,1986,137,1950,"R4","MALDIS","N/A",5,3,37
"987","19",0.765152307082781,1986,137,1950,"R4","MALDIS","N/A",5,3,37
"988","19",1.12307523886903,1986,137,1950,"R4","MALDIS","N/A",5,3,37
"989","19",0.990294133591793,1986,137,1950,"R4","MALDIS","N/A",5,3,37
"990","19",1.05487007766379,1986,137,1950,"R4","MALDIS","N/A",5,3,37
"991","19",1.03389676333605,1986,137,1950,"R4","MALDIS","N/A",5,3,37
"992","19",0.79804573342328,1986,137,1950,"R4","MALDIS","N/A",5,3,37
"993","19",0.765139345121276,1986,137,1950,"R4","MALDIS","N/A",5,3,37
"994","19",1.30804966929263,1986,137,1950,"R4","MALDIS","N/A",5,3,37
"995","19",0.957385874746218,1986,137,1950,"R4","MALDIS","N/A",5,3,37
"996","19",0.853656051285918,1986,137,1950,"R4","MALDIS","N/A",5,3,37
"997","19",0.943009460956526,1986,137,1950,"R4","MALDIS","N/A",5,3,37
"998","19",1.02547407386755,1986,137,1950,"R4","MALDIS","N/A",5,3,37
"999","19",NA,1986,137,1950,"R4","MALDIS","N/A",5,3,37
"1000","19",NA,1986,137,1950,"R4","MALDIS","N/A",5,3,37
"1001","20",1.3120799496797,1987,138,1950,NA,NA,NA,NA,NA,38
"1002","20",0.52541993444066,1987,138,1950,NA,NA,NA,NA,NA,38
"1003","20",0.872670586802623,1987,138,1950,NA,NA,NA,NA,NA,38
"1004","20",0.767156511318012,1987,138,1950,NA,NA,NA,NA,NA,38
"1005","20",0.963354610413736,1987,138,1950,NA,NA,NA,NA,NA,38
"1006","20",1.1236982468454,1987,138,1950,NA,NA,NA,NA,NA,38
"1007","20",0.773598174160072,1987,138,1950,NA,NA,NA,NA,NA,38
"1008","20",0.85266186704398,1987,138,1950,NA,NA,NA,NA,NA,38
"1009","20",1.098070609102,1987,138,1950,NA,NA,NA,NA,NA,38
"1010","20",1.01561208460209,1987,138,1950,NA,NA,NA,NA,NA,38
"1011","20",0.955847393353247,1987,138,1950,NA,NA,NA,NA,NA,38
"1012","20",1.12772963334834,1987,138,1950,NA,NA,NA,NA,NA,38
"1013","20",1.57004444554974,1987,138,1950,NA,NA,NA,NA,NA,38
"1014","20",1.37662338638338,1987,138,1950,NA,NA,NA,NA,NA,38
"1015","20",1.05454719298604,1987,138,1950,NA,NA,NA,NA,NA,38
"1016","20",1.02449790936111,1987,138,1950,NA,NA,NA,NA,NA,38
"1017","20",0.824132505668123,1987,138,1950,NA,NA,NA,NA,NA,38
"1018","20",0.998517478375504,1987,138,1950,NA,NA,NA,NA,NA,38
"1019","20",0.646475381703601,1987,138,1950,NA,NA,NA,NA,NA,38
"1020","20",1.92176004728986,1987,138,1950,NA,NA,NA,NA,NA,38
"1021","20",1.52146021680078,1987,138,1950,NA,NA,NA,NA,NA,38
"1022","20",0.997730988683878,1987,138,1950,NA,NA,NA,NA,NA,38
"1023","20",1.07253672959102,1987,138,1950,NA,NA,NA,NA,NA,38
"1024","20",1.31512216891622,1987,138,1950,NA,NA,NA,NA,NA,38
"1025","20",1.19624291977775,1987,138,1950,NA,NA,NA,NA,NA,38
"1026","20",1.07211881152362,1987,138,1950,NA,NA,NA,NA,NA,38
"1027","20",0.936227337175105,1987,138,1950,NA,NA,NA,NA,NA,38
"1028","20",0.740410943811474,1987,138,1950,NA,NA,NA,NA,NA,38
"1029","20",1.00636713174165,1987,138,1950,NA,NA,NA,NA,NA,38
"1030","20",1.09925102930339,1987,138,1950,NA,NA,NA,NA,NA,38
"1031","20",0.871517058512449,1987,138,1950,NA,NA,NA,NA,NA,38
"1032","20",1.06611752455153,1987,138,1950,NA,NA,NA,NA,NA,38
"1033","20",0.807355835786906,1987,138,1950,NA,NA,NA,NA,NA,38
"1034","20",0.808702906423289,1987,138,1950,NA,NA,NA,NA,NA,38
"1035","20",1.03971114857914,1987,138,1950,NA,NA,NA,NA,NA,38
"1036","20",0.93526918977954,1987,138,1950,NA,NA,NA,NA,NA,38
"1037","20",0.654539500560007,1987,138,1950,NA,NA,NA,NA,NA,38
"1038","20",1.10932004481777,1987,138,1950,NA,NA,NA,NA,NA,38
"1039","20",1.0220969236157,1987,138,1950,NA,NA,NA,NA,NA,38
"1040","20",0.842816668357706,1987,138,1950,NA,NA,NA,NA,NA,38
"1041","20",0.96094155056718,1987,138,1950,NA,NA,NA,NA,NA,38
"1042","20",1.00263103200003,1987,138,1950,NA,NA,NA,NA,NA,38
"1043","20",0.781267890187738,1987,138,1950,NA,NA,NA,NA,NA,38
"1044","20",0.818346402951587,1987,138,1950,NA,NA,NA,NA,NA,38
"1045","20",0.839718826270456,1987,138,1950,NA,NA,NA,NA,NA,38
"1046","20",1.04913580610527,1987,138,1950,NA,NA,NA,NA,NA,38
"1047","20",0.92837112794067,1987,138,1950,NA,NA,NA,NA,NA,38
"1048","20",0.761249838370821,1987,138,1950,NA,NA,NA,NA,NA,38
"1049","20",NA,1987,138,1950,NA,NA,NA,NA,NA,38
"1050","20",NA,1987,138,1950,NA,NA,NA,NA,NA,38
"1051","21",0.299041139226818,1988,139,1950,"R4","MALDIS","N/A",5,3,39
"1052","21",0.338249813850026,1988,139,1950,"R4","MALDIS","N/A",5,3,39
"1053","21",1.13501157073497,1988,139,1950,"R4","MALDIS","N/A",5,3,39
"1054","21",0.961203691536582,1988,139,1950,"R4","MALDIS","N/A",5,3,39
"1055","21",1.03127593054167,1988,139,1950,"R4","MALDIS","N/A",5,3,39
"1056","21",1.0597760476739,1988,139,1950,"R4","MALDIS","N/A",5,3,39
"1057","21",1.33914012116024,1988,139,1950,"R4","MALDIS","N/A",5,3,39
"1058","21",1.16891940288012,1988,139,1950,"R4","MALDIS","N/A",5,3,39
"1059","21",1.23286694494462,1988,139,1950,"R4","MALDIS","N/A",5,3,39
"1060","21",0.856585835892276,1988,139,1950,"R4","MALDIS","N/A",5,3,39
"1061","21",0.983595952515151,1988,139,1950,"R4","MALDIS","N/A",5,3,39
"1062","21",0.988866918179886,1988,139,1950,"R4","MALDIS","N/A",5,3,39
"1063","21",1.29683668995215,1988,139,1950,"R4","MALDIS","N/A",5,3,39
"1064","21",1.20184672012564,1988,139,1950,"R4","MALDIS","N/A",5,3,39
"1065","21",1.02599341581655,1988,139,1950,"R4","MALDIS","N/A",5,3,39
"1066","21",1.06646641269497,1988,139,1950,"R4","MALDIS","N/A",5,3,39
"1067","21",1.05322722443019,1988,139,1950,"R4","MALDIS","N/A",5,3,39
"1068","21",1.02614484351473,1988,139,1950,"R4","MALDIS","N/A",5,3,39
"1069","21",0.488072080595138,1988,139,1950,"R4","MALDIS","N/A",5,3,39
"1070","21",1.91892832380168,1988,139,1950,"R4","MALDIS","N/A",5,3,39
"1071","21",0.75258606471572,1988,139,1950,"R4","MALDIS","N/A",5,3,39
"1072","21",0.890864636270242,1988,139,1950,"R4","MALDIS","N/A",5,3,39
"1073","21",1.41148012839773,1988,139,1950,"R4","MALDIS","N/A",5,3,39
"1074","21",0.916640315981815,1988,139,1950,"R4","MALDIS","N/A",5,3,39
"1075","21",1.19145608145074,1988,139,1950,"R4","MALDIS","N/A",5,3,39
"1076","21",1.06315331391513,1988,139,1950,"R4","MALDIS","N/A",5,3,39
"1077","21",1.03713371350575,1988,139,1950,"R4","MALDIS","N/A",5,3,39
"1078","21",1.13808457745932,1988,139,1950,"R4","MALDIS","N/A",5,3,39
"1079","21",1.10116372446543,1988,139,1950,"R4","MALDIS","N/A",5,3,39
"1080","21",1.16743921063682,1988,139,1950,"R4","MALDIS","N/A",5,3,39
"1081","21",1.16408015913095,1988,139,1950,"R4","MALDIS","N/A",5,3,39
"1082","21",1.20643364125502,1988,139,1950,"R4","MALDIS","N/A",5,3,39
"1083","21",1.35242012694282,1988,139,1950,"R4","MALDIS","N/A",5,3,39
"1084","21",1.02134835782054,1988,139,1950,"R4","MALDIS","N/A",5,3,39
"1085","21",1.16169469166213,1988,139,1950,"R4","MALDIS","N/A",5,3,39
"1086","21",1.16534324593313,1988,139,1950,"R4","MALDIS","N/A",5,3,39
"1087","21",0.959717359145807,1988,139,1950,"R4","MALDIS","N/A",5,3,39
"1088","21",1.08158323182035,1988,139,1950,"R4","MALDIS","N/A",5,3,39
"1089","21",1.33707771990737,1988,139,1950,"R4","MALDIS","N/A",5,3,39
"1090","21",1.14446565597789,1988,139,1950,"R4","MALDIS","N/A",5,3,39
"1091","21",1.11052703049091,1988,139,1950,"R4","MALDIS","N/A",5,3,39
"1092","21",1.2515374106692,1988,139,1950,"R4","MALDIS","N/A",5,3,39
"1093","21",1.0878430767517,1988,139,1950,"R4","MALDIS","N/A",5,3,39
"1094","21",0.618060672335721,1988,139,1950,"R4","MALDIS","N/A",5,3,39
"1095","21",0.833428936732871,1988,139,1950,"R4","MALDIS","N/A",5,3,39
"1096","21",1.30606907249786,1988,139,1950,"R4","MALDIS","N/A",5,3,39
"1097","21",1.18493437884254,1988,139,1950,"R4","MALDIS","N/A",5,3,39
"1098","21",1.12912905194636,1988,139,1950,"R4","MALDIS","N/A",5,3,39
"1099","21",0.884228583414611,1988,139,1950,"R4","MALDIS","N/A",5,3,39
"1100","21",1.21413292485576,1988,139,1950,"R4","MALDIS","N/A",5,3,39
"1101","22",1.40293698551325,1989,140,1950,"R4","MALDIS","N/A",5,3,40
"1102","22",2.0394344727386,1989,140,1950,"R4","MALDIS","N/A",5,3,40
"1103","22",0.793735468910002,1989,140,1950,"R4","MALDIS","N/A",5,3,40
"1104","22",0.710953003751537,1989,140,1950,"R4","MALDIS","N/A",5,3,40
"1105","22",1.12759638750372,1989,140,1950,"R4","MALDIS","N/A",5,3,40
"1106","22",1.20693442011222,1989,140,1950,"R4","MALDIS","N/A",5,3,40
"1107","22",1.22227830767608,1989,140,1950,"R4","MALDIS","N/A",5,3,40
"1108","22",1.19990673212435,1989,140,1950,"R4","MALDIS","N/A",5,3,40
"1109","22",1.01086550051139,1989,140,1950,"R4","MALDIS","N/A",5,3,40
"1110","22",1.00819923805067,1989,140,1950,"R4","MALDIS","N/A",5,3,40
"1111","22",1.33002559085539,1989,140,1950,"R4","MALDIS","N/A",5,3,40
"1112","22",1.20537060886508,1989,140,1950,"R4","MALDIS","N/A",5,3,40
"1113","22",1.14192832519961,1989,140,1950,"R4","MALDIS","N/A",5,3,40
"1114","22",1.57585822987117,1989,140,1950,"R4","MALDIS","N/A",5,3,40
"1115","22",0.932029058970775,1989,140,1950,"R4","MALDIS","N/A",5,3,40
"1116","22",1.16388273966886,1989,140,1950,"R4","MALDIS","N/A",5,3,40
"1117","22",1.11248857973994,1989,140,1950,"R4","MALDIS","N/A",5,3,40
"1118","22",0.890643037554803,1989,140,1950,"R4","MALDIS","N/A",5,3,40
"1119","22",0.591955988774528,1989,140,1950,"R4","MALDIS","N/A",5,3,40
"1120","22",0.743915596068844,1989,140,1950,"R4","MALDIS","N/A",5,3,40
"1121","22",1.1318012936876,1989,140,1950,"R4","MALDIS","N/A",5,3,40
"1122","22",1.00232630383583,1989,140,1950,"R4","MALDIS","N/A",5,3,40
"1123","22",1.00839116855574,1989,140,1950,"R4","MALDIS","N/A",5,3,40
"1124","22",0.791458450579134,1989,140,1950,"R4","MALDIS","N/A",5,3,40
"1125","22",0.890188819018722,1989,140,1950,"R4","MALDIS","N/A",5,3,40
"1126","22",0.985974429544824,1989,140,1950,"R4","MALDIS","N/A",5,3,40
"1127","22",0.956670179678115,1989,140,1950,"R4","MALDIS","N/A",5,3,40
"1128","22",0.876510043163722,1989,140,1950,"R4","MALDIS","N/A",5,3,40
"1129","22",0.904671557111258,1989,140,1950,"R4","MALDIS","N/A",5,3,40
"1130","22",0.994056126971051,1989,140,1950,"R4","MALDIS","N/A",5,3,40
"1131","22",1.2020733908029,1989,140,1950,"R4","MALDIS","N/A",5,3,40
"1132","22",1.22102629590138,1989,140,1950,"R4","MALDIS","N/A",5,3,40
"1133","22",0.942801310889824,1989,140,1950,"R4","MALDIS","N/A",5,3,40
"1134","22",1.20713742510008,1989,140,1950,"R4","MALDIS","N/A",5,3,40
"1135","22",0.772051161113879,1989,140,1950,"R4","MALDIS","N/A",5,3,40
"1136","22",0.946651394024585,1989,140,1950,"R4","MALDIS","N/A",5,3,40
"1137","22",0.888945480011355,1989,140,1950,"R4","MALDIS","N/A",5,3,40
"1138","22",0.990757728066587,1989,140,1950,"R4","MALDIS","N/A",5,3,40
"1139","22",0.991936684761364,1989,140,1950,"R4","MALDIS","N/A",5,3,40
"1140","22",0.911074782237807,1989,140,1950,"R4","MALDIS","N/A",5,3,40
"1141","22",0.904267540714817,1989,140,1950,"R4","MALDIS","N/A",5,3,40
"1142","22",1.00897665499572,1989,140,1950,"R4","MALDIS","N/A",5,3,40
"1143","22",0.828334365810147,1989,140,1950,"R4","MALDIS","N/A",5,3,40
"1144","22",0.589460918442704,1989,140,1950,"R4","MALDIS","N/A",5,3,40
"1145","22",0.742250799480578,1989,140,1950,"R4","MALDIS","N/A",5,3,40
"1146","22",1.14708702472547,1989,140,1950,"R4","MALDIS","N/A",5,3,40
"1147","22",0.91798038365758,1989,140,1950,"R4","MALDIS","N/A",5,3,40
"1148","22",1.12770900076062,1989,140,1950,"R4","MALDIS","N/A",5,3,40
"1149","22",1.11178568071494,1989,140,1950,"R4","MALDIS","N/A",5,3,40
"1150","22",0.690185716575702,1989,140,1950,"R4","MALDIS","N/A",5,3,40
"1151","23",1.41268325327335,1990,141,1950,"R4","MALDIS","CHOCON",5,3,41
"1152","23",0.423390325786709,1990,141,1950,"R4","MALDIS","CHOCON",5,3,41
"1153","23",0.749732133216474,1990,141,1950,"R4","MALDIS","CHOCON",5,3,41
"1154","23",0.644382493270005,1990,141,1950,"R4","MALDIS","CHOCON",5,3,41
"1155","23",1.06331983742164,1990,141,1950,"R4","MALDIS","CHOCON",5,3,41
"1156","23",1.12256427704882,1990,141,1950,"R4","MALDIS","CHOCON",5,3,41
"1157","23",1.15640644044951,1990,141,1950,"R4","MALDIS","CHOCON",5,3,41
"1158","23",1.03302823197774,1990,141,1950,"R4","MALDIS","CHOCON",5,3,41
"1159","23",0.970935452009577,1990,141,1950,"R4","MALDIS","CHOCON",5,3,41
"1160","23",1.07108801889199,1990,141,1950,"R4","MALDIS","CHOCON",5,3,41
"1161","23",1.35798287447411,1990,141,1950,"R4","MALDIS","CHOCON",5,3,41
"1162","23",1.38564737794711,1990,141,1950,"R4","MALDIS","CHOCON",5,3,41
"1163","23",1.15899493087352,1990,141,1950,"R4","MALDIS","CHOCON",5,3,41
"1164","23",1.28670577124532,1990,141,1950,"R4","MALDIS","CHOCON",5,3,41
"1165","23",0.966792165736059,1990,141,1950,"R4","MALDIS","CHOCON",5,3,41
"1166","23",1.30071613105759,1990,141,1950,"R4","MALDIS","CHOCON",5,3,41
"1167","23",1.26329130953301,1990,141,1950,"R4","MALDIS","CHOCON",5,3,41
"1168","23",0.955091345463793,1990,141,1950,"R4","MALDIS","CHOCON",5,3,41
"1169","23",0.537320746411488,1990,141,1950,"R4","MALDIS","CHOCON",5,3,41
"1170","23",0.306474742486653,1990,141,1950,"R4","MALDIS","CHOCON",5,3,41
"1171","23",0.58023463758688,1990,141,1950,"R4","MALDIS","CHOCON",5,3,41
"1172","23",0.862604300673977,1990,141,1950,"R4","MALDIS","CHOCON",5,3,41
"1173","23",1.08691129665875,1990,141,1950,"R4","MALDIS","CHOCON",5,3,41
"1174","23",0.98778056905368,1990,141,1950,"R4","MALDIS","CHOCON",5,3,41
"1175","23",1.04073317668842,1990,141,1950,"R4","MALDIS","CHOCON",5,3,41
"1176","23",1.14681705250483,1990,141,1950,"R4","MALDIS","CHOCON",5,3,41
"1177","23",1.26550999858438,1990,141,1950,"R4","MALDIS","CHOCON",5,3,41
"1178","23",1.08234334287575,1990,141,1950,"R4","MALDIS","CHOCON",5,3,41
"1179","23",1.09500366801692,1990,141,1950,"R4","MALDIS","CHOCON",5,3,41
"1180","23",1.03698048409815,1990,141,1950,"R4","MALDIS","CHOCON",5,3,41
"1181","23",1.18592632505926,1990,141,1950,"R4","MALDIS","CHOCON",5,3,41
"1182","23",0.979021950726163,1990,141,1950,"R4","MALDIS","CHOCON",5,3,41
"1183","23",1.29819622638021,1990,141,1950,"R4","MALDIS","CHOCON",5,3,41
"1184","23",1.50164940033443,1990,141,1950,"R4","MALDIS","CHOCON",5,3,41
"1185","23",1.20737380510099,1990,141,1950,"R4","MALDIS","CHOCON",5,3,41
"1186","23",0.890145178976833,1990,141,1950,"R4","MALDIS","CHOCON",5,3,41
"1187","23",1.04735286273003,1990,141,1950,"R4","MALDIS","CHOCON",5,3,41
"1188","23",0.991015214318865,1990,141,1950,"R4","MALDIS","CHOCON",5,3,41
"1189","23",1.22150467025326,1990,141,1950,"R4","MALDIS","CHOCON",5,3,41
"1190","23",0.976915073819185,1990,141,1950,"R4","MALDIS","CHOCON",5,3,41
"1191","23",1.07053005137846,1990,141,1950,"R4","MALDIS","CHOCON",5,3,41
"1192","23",1.18791683395326,1990,141,1950,"R4","MALDIS","CHOCON",5,3,41
"1193","23",1.01854439045334,1990,141,1950,"R4","MALDIS","CHOCON",5,3,41
"1194","23",0.723861270862458,1990,141,1950,"R4","MALDIS","CHOCON",5,3,41
"1195","23",1.32341567613326,1990,141,1950,"R4","MALDIS","CHOCON",5,3,41
"1196","23",1.17834940429597,1990,141,1950,"R4","MALDIS","CHOCON",5,3,41
"1197","23",1.04504136520726,1990,141,1950,"R4","MALDIS","CHOCON",5,3,41
"1198","23",0.958847057904696,1990,141,1950,"R4","MALDIS","CHOCON",5,3,41
"1199","23",0.789874880078213,1990,141,1950,"R4","MALDIS","CHOCON",5,3,41
"1200","23",0.901525637977432,1990,141,1950,"R4","MALDIS","CHOCON",5,3,41
"1201","24",1.33799726091787,1991,142,1950,NA,NA,NA,NA,NA,42
"1202","24",0.397728060974072,1991,142,1950,NA,NA,NA,NA,NA,42
"1203","24",0.652704326428257,1991,142,1950,NA,NA,NA,NA,NA,42
"1204","24",0.879964311358203,1991,142,1950,NA,NA,NA,NA,NA,42
"1205","24",0.782710625288596,1991,142,1950,NA,NA,NA,NA,NA,42
"1206","24",0.88846978298455,1991,142,1950,NA,NA,NA,NA,NA,42
"1207","24",1.14642200107545,1991,142,1950,NA,NA,NA,NA,NA,42
"1208","24",1.02439817919366,1991,142,1950,NA,NA,NA,NA,NA,42
"1209","24",0.766419096158609,1991,142,1950,NA,NA,NA,NA,NA,42
"1210","24",0.931033019405445,1991,142,1950,NA,NA,NA,NA,NA,42
"1211","24",1.31984634045945,1991,142,1950,NA,NA,NA,NA,NA,42
"1212","24",1.28473315291108,1991,142,1950,NA,NA,NA,NA,NA,42
"1213","24",0.946151223960857,1991,142,1950,NA,NA,NA,NA,NA,42
"1214","24",1.22929139653636,1991,142,1950,NA,NA,NA,NA,NA,42
"1215","24",0.882344760969157,1991,142,1950,NA,NA,NA,NA,NA,42
"1216","24",1.07670700103972,1991,142,1950,NA,NA,NA,NA,NA,42
"1217","24",1.16262655170903,1991,142,1950,NA,NA,NA,NA,NA,42
"1218","24",0.814839421583543,1991,142,1950,NA,NA,NA,NA,NA,42
"1219","24",0.750705678715627,1991,142,1950,NA,NA,NA,NA,NA,42
"1220","24",0.77420331005016,1991,142,1950,NA,NA,NA,NA,NA,42
"1221","24",0.776012782779862,1991,142,1950,NA,NA,NA,NA,NA,42
"1222","24",0.948984774907108,1991,142,1950,NA,NA,NA,NA,NA,42
"1223","24",1.12183447146929,1991,142,1950,NA,NA,NA,NA,NA,42
"1224","24",0.980646100223589,1991,142,1950,NA,NA,NA,NA,NA,42
"1225","24",1.25913310246802,1991,142,1950,NA,NA,NA,NA,NA,42
"1226","24",0.9569818885337,1991,142,1950,NA,NA,NA,NA,NA,42
"1227","24",1.16785415874539,1991,142,1950,NA,NA,NA,NA,NA,42
"1228","24",1.06736515498341,1991,142,1950,NA,NA,NA,NA,NA,42
"1229","24",0.882523295975363,1991,142,1950,NA,NA,NA,NA,NA,42
"1230","24",1.14819116154335,1991,142,1950,NA,NA,NA,NA,NA,42
"1231","24",1.09030041251802,1991,142,1950,NA,NA,NA,NA,NA,42
"1232","24",1.05457343721746,1991,142,1950,NA,NA,NA,NA,NA,42
"1233","24",0.656292974831224,1991,142,1950,NA,NA,NA,NA,NA,42
"1234","24",0.863447953648239,1991,142,1950,NA,NA,NA,NA,NA,42
"1235","24",1.139293029701,1991,142,1950,NA,NA,NA,NA,NA,42
"1236","24",1.1234944278306,1991,142,1950,NA,NA,NA,NA,NA,42
"1237","24",1.21027695350437,1991,142,1950,NA,NA,NA,NA,NA,42
"1238","24",1.18817324838603,1991,142,1950,NA,NA,NA,NA,NA,42
"1239","24",1.08891734726257,1991,142,1950,NA,NA,NA,NA,NA,42
"1240","24",1.05170273431409,1991,142,1950,NA,NA,NA,NA,NA,42
"1241","24",1.18427268139532,1991,142,1950,NA,NA,NA,NA,NA,42
"1242","24",1.21013973779947,1991,142,1950,NA,NA,NA,NA,NA,42
"1243","24",1.18450578819162,1991,142,1950,NA,NA,NA,NA,NA,42
"1244","24",1.29063355468468,1991,142,1950,NA,NA,NA,NA,NA,42
"1245","24",0.99455750440893,1991,142,1950,NA,NA,NA,NA,NA,42
"1246","24",0.861679419681404,1991,142,1950,NA,NA,NA,NA,NA,42
"1247","24",1.04772699181996,1991,142,1950,NA,NA,NA,NA,NA,42
"1248","24",1.13259927815727,1991,142,1950,NA,NA,NA,NA,NA,42
"1249","24",1.18029620100579,1991,142,1950,NA,NA,NA,NA,NA,42
"1250","24",0.794528847383463,1991,142,1950,NA,NA,NA,NA,NA,42
"1251","25",1.09893850092005,1992,143,1950,NA,NA,NA,NA,NA,43
"1252","25",0.50073387873197,1992,143,1950,NA,NA,NA,NA,NA,43
"1253","25",0.87511936899353,1992,143,1950,NA,NA,NA,NA,NA,43
"1254","25",1.03659454547849,1992,143,1950,NA,NA,NA,NA,NA,43
"1255","25",0.784454105247744,1992,143,1950,NA,NA,NA,NA,NA,43
"1256","25",0.841071924979869,1992,143,1950,NA,NA,NA,NA,NA,43
"1257","25",0.889568477869455,1992,143,1950,NA,NA,NA,NA,NA,43
"1258","25",0.980708236350468,1992,143,1950,NA,NA,NA,NA,NA,43
"1259","25",0.885891698333966,1992,143,1950,NA,NA,NA,NA,NA,43
"1260","25",1.01118042817941,1992,143,1950,NA,NA,NA,NA,NA,43
"1261","25",1.18464595176153,1992,143,1950,NA,NA,NA,NA,NA,43
"1262","25",1.26299032112942,1992,143,1950,NA,NA,NA,NA,NA,43
"1263","25",0.611663696545747,1992,143,1950,NA,NA,NA,NA,NA,43
"1264","25",0.415357318498743,1992,143,1950,NA,NA,NA,NA,NA,43
"1265","25",1.01757264253309,1992,143,1950,NA,NA,NA,NA,NA,43
"1266","25",0.516382871309523,1992,143,1950,NA,NA,NA,NA,NA,43
"1267","25",0.784653032032892,1992,143,1950,NA,NA,NA,NA,NA,43
"1268","25",1.02420593922088,1992,143,1950,NA,NA,NA,NA,NA,43
"1269","25",0.645582862146126,1992,143,1950,NA,NA,NA,NA,NA,43
"1270","25",0.710721325418916,1992,143,1950,NA,NA,NA,NA,NA,43
"1271","25",0.765175732487912,1992,143,1950,NA,NA,NA,NA,NA,43
"1272","25",1.70739577658035,1992,143,1950,NA,NA,NA,NA,NA,43
"1273","25",0.843221732893021,1992,143,1950,NA,NA,NA,NA,NA,43
"1274","25",0.792552338579481,1992,143,1950,NA,NA,NA,NA,NA,43
"1275","25",0.34071823952724,1992,143,1950,NA,NA,NA,NA,NA,43
"1276","25",0.919826525531335,1992,143,1950,NA,NA,NA,NA,NA,43
"1277","25",1.16456063927425,1992,143,1950,NA,NA,NA,NA,NA,43
"1278","25",0.942370492924171,1992,143,1950,NA,NA,NA,NA,NA,43
"1279","25",0.905141500857274,1992,143,1950,NA,NA,NA,NA,NA,43
"1280","25",0.324780573488382,1992,143,1950,NA,NA,NA,NA,NA,43
"1281","25",0.968992252946933,1992,143,1950,NA,NA,NA,NA,NA,43
"1282","25",0.504833410894946,1992,143,1950,NA,NA,NA,NA,NA,43
"1283","25",0.915500504497036,1992,143,1950,NA,NA,NA,NA,NA,43
"1284","25",1.01132586571171,1992,143,1950,NA,NA,NA,NA,NA,43
"1285","25",0.905126734278961,1992,143,1950,NA,NA,NA,NA,NA,43
"1286","25",1.24270673709718,1992,143,1950,NA,NA,NA,NA,NA,43
"1287","25",1.02965897549942,1992,143,1950,NA,NA,NA,NA,NA,43
"1288","25",0.435576835873139,1992,143,1950,NA,NA,NA,NA,NA,43
"1289","25",0.492632028257424,1992,143,1950,NA,NA,NA,NA,NA,43
"1290","25",1.19679649333849,1992,143,1950,NA,NA,NA,NA,NA,43
"1291","25",1.2557928421553,1992,143,1950,NA,NA,NA,NA,NA,43
"1292","25",1.26785490352029,1992,143,1950,NA,NA,NA,NA,NA,43
"1293","25",1.22412507773221,1992,143,1950,NA,NA,NA,NA,NA,43
"1294","25",1.41397459813953,1992,143,1950,NA,NA,NA,NA,NA,43
"1295","25",1.21956208772778,1992,143,1950,NA,NA,NA,NA,NA,43
"1296","25",0.721872829134344,1992,143,1950,NA,NA,NA,NA,NA,43
"1297","25",1.07758240831682,1992,143,1950,NA,NA,NA,NA,NA,43
"1298","25",1.07331847937599,1992,143,1950,NA,NA,NA,NA,NA,43
"1299","25",1.01326491112653,1992,143,1950,NA,NA,NA,NA,NA,43
"1300","25",1.26214923049572,1992,143,1950,NA,NA,NA,NA,NA,43
"1301","26",0.216342813374214,1993,144,1950,NA,NA,NA,NA,NA,44
"1302","26",0.225974833576555,1993,144,1950,NA,NA,NA,NA,NA,44
"1303","26",0.882910985615977,1993,144,1950,NA,NA,NA,NA,NA,44
"1304","26",0.814909063661001,1993,144,1950,NA,NA,NA,NA,NA,44
"1305","26",0.808642122078071,1993,144,1950,NA,NA,NA,NA,NA,44
"1306","26",1.01151224646023,1993,144,1950,NA,NA,NA,NA,NA,44
"1307","26",0.896503692019143,1993,144,1950,NA,NA,NA,NA,NA,44
"1308","26",0.810183958355403,1993,144,1950,NA,NA,NA,NA,NA,44
"1309","26",0.60326563799898,1993,144,1950,NA,NA,NA,NA,NA,44
"1310","26",0.651999850343598,1993,144,1950,NA,NA,NA,NA,NA,44
"1311","26",0.334986776109662,1993,144,1950,NA,NA,NA,NA,NA,44
"1312","26",0.423608958069412,1993,144,1950,NA,NA,NA,NA,NA,44
"1313","26",0.5934173678118,1993,144,1950,NA,NA,NA,NA,NA,44
"1314","26",0.816154392172607,1993,144,1950,NA,NA,NA,NA,NA,44
"1315","26",0.652373373649945,1993,144,1950,NA,NA,NA,NA,NA,44
"1316","26",0.830576264509768,1993,144,1950,NA,NA,NA,NA,NA,44
"1317","26",1.08731124010723,1993,144,1950,NA,NA,NA,NA,NA,44
"1318","26",0.919208759767507,1993,144,1950,NA,NA,NA,NA,NA,44
"1319","26",0.651702066480648,1993,144,1950,NA,NA,NA,NA,NA,44
"1320","26",0.61938050883122,1993,144,1950,NA,NA,NA,NA,NA,44
"1321","26",0.597475344349064,1993,144,1950,NA,NA,NA,NA,NA,44
"1322","26",0.601170454072775,1993,144,1950,NA,NA,NA,NA,NA,44
"1323","26",0.403500980714452,1993,144,1950,NA,NA,NA,NA,NA,44
"1324","26",1.24231218821311,1993,144,1950,NA,NA,NA,NA,NA,44
"1325","26",1.08193139497304,1993,144,1950,NA,NA,NA,NA,NA,44
"1326","26",0.672770828572429,1993,144,1950,NA,NA,NA,NA,NA,44
"1327","26",0.950350511878883,1993,144,1950,NA,NA,NA,NA,NA,44
"1328","26",1.04536673112494,1993,144,1950,NA,NA,NA,NA,NA,44
"1329","26",0.757730390889376,1993,144,1950,NA,NA,NA,NA,NA,44
"1330","26",1.08148983681531,1993,144,1950,NA,NA,NA,NA,NA,44
"1331","26",0.733793664303635,1993,144,1950,NA,NA,NA,NA,NA,44
"1332","26",0.590972893315335,1993,144,1950,NA,NA,NA,NA,NA,44
"1333","26",1.31255856946995,1993,144,1950,NA,NA,NA,NA,NA,44
"1334","26",0.499238670474896,1993,144,1950,NA,NA,NA,NA,NA,44
"1335","26",0.88099009918199,1993,144,1950,NA,NA,NA,NA,NA,44
"1336","26",0.787754021104348,1993,144,1950,NA,NA,NA,NA,NA,44
"1337","26",1.11750209535292,1993,144,1950,NA,NA,NA,NA,NA,44
"1338","26",0.611870990129987,1993,144,1950,NA,NA,NA,NA,NA,44
"1339","26",0.78556283850062,1993,144,1950,NA,NA,NA,NA,NA,44
"1340","26",0.740407856634962,1993,144,1950,NA,NA,NA,NA,NA,44
"1341","26",0.823696462763208,1993,144,1950,NA,NA,NA,NA,NA,44
"1342","26",0.705502960897406,1993,144,1950,NA,NA,NA,NA,NA,44
"1343","26",1.08462485833452,1993,144,1950,NA,NA,NA,NA,NA,44
"1344","26",1.05974153798116,1993,144,1950,NA,NA,NA,NA,NA,44
"1345","26",0.830502836046861,1993,144,1950,NA,NA,NA,NA,NA,44
"1346","26",0.731976608165466,1993,144,1950,NA,NA,NA,NA,NA,44
"1347","26",0.864997092222149,1993,144,1950,NA,NA,NA,NA,NA,44
"1348","26",0.898797809163741,1993,144,1950,NA,NA,NA,NA,NA,44
"1349","26",1.29593865544696,1993,144,1950,NA,NA,NA,NA,NA,44
"1350","26",1.06454811694685,1993,144,1950,NA,NA,NA,NA,NA,44
"1351","27",0.345147950240277,1994,145,1950,NA,NA,NA,NA,NA,45
"1352","27",2.43189151046838,1994,145,1950,NA,NA,NA,NA,NA,45
"1353","27",1.19589965028713,1994,145,1950,NA,NA,NA,NA,NA,45
"1354","27",1.17087100450044,1994,145,1950,NA,NA,NA,NA,NA,45
"1355","27",1.12015267900356,1994,145,1950,NA,NA,NA,NA,NA,45
"1356","27",0.969772749367012,1994,145,1950,NA,NA,NA,NA,NA,45
"1357","27",1.10765358833471,1994,145,1950,NA,NA,NA,NA,NA,45
"1358","27",1.23543702076422,1994,145,1950,NA,NA,NA,NA,NA,45
"1359","27",1.32518006116569,1994,145,1950,NA,NA,NA,NA,NA,45
"1360","27",1.55964734969385,1994,145,1950,NA,NA,NA,NA,NA,45
"1361","27",0.899498262164408,1994,145,1950,NA,NA,NA,NA,NA,45
"1362","27",1.14774994747156,1994,145,1950,NA,NA,NA,NA,NA,45
"1363","27",0.802858842344873,1994,145,1950,NA,NA,NA,NA,NA,45
"1364","27",0.780049895869486,1994,145,1950,NA,NA,NA,NA,NA,45
"1365","27",0.968705532062264,1994,145,1950,NA,NA,NA,NA,NA,45
"1366","27",0.846657221167886,1994,145,1950,NA,NA,NA,NA,NA,45
"1367","27",1.18566643755478,1994,145,1950,NA,NA,NA,NA,NA,45
"1368","27",1.51747555685093,1994,145,1950,NA,NA,NA,NA,NA,45
"1369","27",0.389506826796682,1994,145,1950,NA,NA,NA,NA,NA,45
"1370","27",0.547778268206678,1994,145,1950,NA,NA,NA,NA,NA,45
"1371","27",0.549620797488387,1994,145,1950,NA,NA,NA,NA,NA,45
"1372","27",0.981769330377327,1994,145,1950,NA,NA,NA,NA,NA,45
"1373","27",1.35289820420706,1994,145,1950,NA,NA,NA,NA,NA,45
"1374","27",1.08884041746805,1994,145,1950,NA,NA,NA,NA,NA,45
"1375","27",1.32876951058414,1994,145,1950,NA,NA,NA,NA,NA,45
"1376","27",0.97625629444949,1994,145,1950,NA,NA,NA,NA,NA,45
"1377","27",1.16175574986978,1994,145,1950,NA,NA,NA,NA,NA,45
"1378","27",1.2633806480671,1994,145,1950,NA,NA,NA,NA,NA,45
"1379","27",0.971824596149911,1994,145,1950,NA,NA,NA,NA,NA,45
"1380","27",1.10881113434399,1994,145,1950,NA,NA,NA,NA,NA,45
"1381","27",1.15282330909199,1994,145,1950,NA,NA,NA,NA,NA,45
"1382","27",1.25914847399451,1994,145,1950,NA,NA,NA,NA,NA,45
"1383","27",0.69081533120639,1994,145,1950,NA,NA,NA,NA,NA,45
"1384","27",1.28365525998233,1994,145,1950,NA,NA,NA,NA,NA,45
"1385","27",1.12933753082753,1994,145,1950,NA,NA,NA,NA,NA,45
"1386","27",1.04504295218225,1994,145,1950,NA,NA,NA,NA,NA,45
"1387","27",1.31135029315154,1994,145,1950,NA,NA,NA,NA,NA,45
"1388","27",1.40672839037271,1994,145,1950,NA,NA,NA,NA,NA,45
"1389","27",1.08482031634765,1994,145,1950,NA,NA,NA,NA,NA,45
"1390","27",1.10872383384262,1994,145,1950,NA,NA,NA,NA,NA,45
"1391","27",1.18465651626726,1994,145,1950,NA,NA,NA,NA,NA,45
"1392","27",1.11606474401446,1994,145,1950,NA,NA,NA,NA,NA,45
"1393","27",1.17533265260818,1994,145,1950,NA,NA,NA,NA,NA,45
"1394","27",1.2923164263864,1994,145,1950,NA,NA,NA,NA,NA,45
"1395","27",1.16616503224118,1994,145,1950,NA,NA,NA,NA,NA,45
"1396","27",0.867544646338721,1994,145,1950,NA,NA,NA,NA,NA,45
"1397","27",1.08833666793258,1994,145,1950,NA,NA,NA,NA,NA,45
"1398","27",0.956654602995095,1994,145,1950,NA,NA,NA,NA,NA,45
"1399","27",1.18763320438134,1994,145,1950,NA,NA,NA,NA,NA,45
"1400","27",1.38766981922127,1994,145,1950,NA,NA,NA,NA,NA,45
"1401","28",0.548137717653704,1995,146,1950,NA,NA,NA,NA,NA,46
"1402","28",2.11421258301399,1995,146,1950,NA,NA,NA,NA,NA,46
"1403","28",0.920370987852816,1995,146,1950,NA,NA,NA,NA,NA,46
"1404","28",0.919806769514974,1995,146,1950,NA,NA,NA,NA,NA,46
"1405","28",0.811169733388223,1995,146,1950,NA,NA,NA,NA,NA,46
"1406","28",0.780317210208366,1995,146,1950,NA,NA,NA,NA,NA,46
"1407","28",0.836716395943136,1995,146,1950,NA,NA,NA,NA,NA,46
"1408","28",0.766946961461054,1995,146,1950,NA,NA,NA,NA,NA,46
"1409","28",0.672059807885218,1995,146,1950,NA,NA,NA,NA,NA,46
"1410","28",0.843422489851118,1995,146,1950,NA,NA,NA,NA,NA,46
"1411","28",0.751206347896889,1995,146,1950,NA,NA,NA,NA,NA,46
"1412","28",0.69427329382132,1995,146,1950,NA,NA,NA,NA,NA,46
"1413","28",0.862557167490748,1995,146,1950,NA,NA,NA,NA,NA,46
"1414","28",0.629936990000687,1995,146,1950,NA,NA,NA,NA,NA,46
"1415","28",0.926470727733964,1995,146,1950,NA,NA,NA,NA,NA,46
"1416","28",0.705956345078224,1995,146,1950,NA,NA,NA,NA,NA,46
"1417","28",0.729835709117664,1995,146,1950,NA,NA,NA,NA,NA,46
"1418","28",0.776424906081465,1995,146,1950,NA,NA,NA,NA,NA,46
"1419","28",0.630286130521347,1995,146,1950,NA,NA,NA,NA,NA,46
"1420","28",0.624259737719592,1995,146,1950,NA,NA,NA,NA,NA,46
"1421","28",0.495894965850299,1995,146,1950,NA,NA,NA,NA,NA,46
"1422","28",1.33127039788818,1995,146,1950,NA,NA,NA,NA,NA,46
"1423","28",0.489808566450584,1995,146,1950,NA,NA,NA,NA,NA,46
"1424","28",0.750198948479235,1995,146,1950,NA,NA,NA,NA,NA,46
"1425","28",1.1630116276602,1995,146,1950,NA,NA,NA,NA,NA,46
"1426","28",0.826313913954002,1995,146,1950,NA,NA,NA,NA,NA,46
"1427","28",0.828709933163813,1995,146,1950,NA,NA,NA,NA,NA,46
"1428","28",0.802447462197903,1995,146,1950,NA,NA,NA,NA,NA,46
"1429","28",1.06799055974919,1995,146,1950,NA,NA,NA,NA,NA,46
"1430","28",1.21515328162009,1995,146,1950,NA,NA,NA,NA,NA,46
"1431","28",0.754841480523411,1995,146,1950,NA,NA,NA,NA,NA,46
"1432","28",1.02798241906436,1995,146,1950,NA,NA,NA,NA,NA,46
"1433","28",0.424088005011587,1995,146,1950,NA,NA,NA,NA,NA,46
"1434","28",0.470701927259835,1995,146,1950,NA,NA,NA,NA,NA,46
"1435","28",0.766638990750858,1995,146,1950,NA,NA,NA,NA,NA,46
"1436","28",0.819270451192209,1995,146,1950,NA,NA,NA,NA,NA,46
"1437","28",0.858871735044688,1995,146,1950,NA,NA,NA,NA,NA,46
"1438","28",1.02213452987866,1995,146,1950,NA,NA,NA,NA,NA,46
"1439","28",0.892518329557734,1995,146,1950,NA,NA,NA,NA,NA,46
"1440","28",0.854927439459426,1995,146,1950,NA,NA,NA,NA,NA,46
"1441","28",0.662973633221007,1995,146,1950,NA,NA,NA,NA,NA,46
"1442","28",0.635687807256533,1995,146,1950,NA,NA,NA,NA,NA,46
"1443","28",0.788366892165626,1995,146,1950,NA,NA,NA,NA,NA,46
"1444","28",0.724015900422159,1995,146,1950,NA,NA,NA,NA,NA,46
"1445","28",0.680516022442597,1995,146,1950,NA,NA,NA,NA,NA,46
"1446","28",1.02840706747883,1995,146,1950,NA,NA,NA,NA,NA,46
"1447","28",0.76159001544849,1995,146,1950,NA,NA,NA,NA,NA,46
"1448","28",0.90400014215092,1995,146,1950,NA,NA,NA,NA,NA,46
"1449","28",0.935440461788134,1995,146,1950,NA,NA,NA,NA,NA,46
"1450","28",0.718574924925507,1995,146,1950,NA,NA,NA,NA,NA,46
"1451","29",0.494619482917811,1996,147,1950,NA,NA,NA,NA,NA,47
"1452","29",0.390137505059661,1996,147,1950,NA,NA,NA,NA,NA,47
"1453","29",0.83833386638913,1996,147,1950,NA,NA,NA,NA,NA,47
"1454","29",0.949435604527243,1996,147,1950,NA,NA,NA,NA,NA,47
"1455","29",0.865982226586861,1996,147,1950,NA,NA,NA,NA,NA,47
"1456","29",0.803914504898057,1996,147,1950,NA,NA,NA,NA,NA,47
"1457","29",1.00087246684477,1996,147,1950,NA,NA,NA,NA,NA,47
"1458","29",0.894331117000306,1996,147,1950,NA,NA,NA,NA,NA,47
"1459","29",0.98633866630478,1996,147,1950,NA,NA,NA,NA,NA,47
"1460","29",1.03349289628846,1996,147,1950,NA,NA,NA,NA,NA,47
"1461","29",1.03537340293523,1996,147,1950,NA,NA,NA,NA,NA,47
"1462","29",1.13130747597281,1996,147,1950,NA,NA,NA,NA,NA,47
"1463","29",1.06280653703858,1996,147,1950,NA,NA,NA,NA,NA,47
"1464","29",0.903716432085205,1996,147,1950,NA,NA,NA,NA,NA,47
"1465","29",1.14865791834358,1996,147,1950,NA,NA,NA,NA,NA,47
"1466","29",0.904648776816255,1996,147,1950,NA,NA,NA,NA,NA,47
"1467","29",0.836822561171087,1996,147,1950,NA,NA,NA,NA,NA,47
"1468","29",1.12083629760884,1996,147,1950,NA,NA,NA,NA,NA,47
"1469","29",0.885746475312193,1996,147,1950,NA,NA,NA,NA,NA,47
"1470","29",0.843791835773429,1996,147,1950,NA,NA,NA,NA,NA,47
"1471","29",0.823931009733686,1996,147,1950,NA,NA,NA,NA,NA,47
"1472","29",1.09301427280172,1996,147,1950,NA,NA,NA,NA,NA,47
"1473","29",1.22645995177656,1996,147,1950,NA,NA,NA,NA,NA,47
"1474","29",0.957095978789121,1996,147,1950,NA,NA,NA,NA,NA,47
"1475","29",0.950046638204414,1996,147,1950,NA,NA,NA,NA,NA,47
"1476","29",0.908283192150866,1996,147,1950,NA,NA,NA,NA,NA,47
"1477","29",0.773175325822532,1996,147,1950,NA,NA,NA,NA,NA,47
"1478","29",0.817742792272984,1996,147,1950,NA,NA,NA,NA,NA,47
"1479","29",1.18925835854473,1996,147,1950,NA,NA,NA,NA,NA,47
"1480","29",1.01997899465243,1996,147,1950,NA,NA,NA,NA,NA,47
"1481","29",0.927445964730687,1996,147,1950,NA,NA,NA,NA,NA,47
"1482","29",1.17881978490702,1996,147,1950,NA,NA,NA,NA,NA,47
"1483","29",0.497890361566426,1996,147,1950,NA,NA,NA,NA,NA,47
"1484","29",0.782688981274486,1996,147,1950,NA,NA,NA,NA,NA,47
"1485","29",1.10721320646269,1996,147,1950,NA,NA,NA,NA,NA,47
"1486","29",1.04124975054429,1996,147,1950,NA,NA,NA,NA,NA,47
"1487","29",0.875521497362676,1996,147,1950,NA,NA,NA,NA,NA,47
"1488","29",0.957791500437067,1996,147,1950,NA,NA,NA,NA,NA,47
"1489","29",0.957126194352966,1996,147,1950,NA,NA,NA,NA,NA,47
"1490","29",1.05799113188493,1996,147,1950,NA,NA,NA,NA,NA,47
"1491","29",0.726114797252857,1996,147,1950,NA,NA,NA,NA,NA,47
"1492","29",0.799908800838984,1996,147,1950,NA,NA,NA,NA,NA,47
"1493","29",0.893169098484929,1996,147,1950,NA,NA,NA,NA,NA,47
"1494","29",1.25874364295345,1996,147,1950,NA,NA,NA,NA,NA,47
"1495","29",1.61356874312569,1996,147,1950,NA,NA,NA,NA,NA,47
"1496","29",1.07719178822779,1996,147,1950,NA,NA,NA,NA,NA,47
"1497","29",0.970704877667167,1996,147,1950,NA,NA,NA,NA,NA,47
"1498","29",1.08063514577418,1996,147,1950,NA,NA,NA,NA,NA,47
"1499","29",0.637850839092423,1996,147,1950,NA,NA,NA,NA,NA,47
"1500","29",1.14509189705312,1996,147,1950,NA,NA,NA,NA,NA,47
"1501","30",2.00051330588872,1997,148,1950,NA,NA,NA,NA,NA,48
"1502","30",0.375700289049495,1997,148,1950,NA,NA,NA,NA,NA,48
"1503","30",1.18354710228178,1997,148,1950,NA,NA,NA,NA,NA,48
"1504","30",1.01610094415892,1997,148,1950,NA,NA,NA,NA,NA,48
"1505","30",1.0969107697278,1997,148,1950,NA,NA,NA,NA,NA,48
"1506","30",0.961481913709899,1997,148,1950,NA,NA,NA,NA,NA,48
"1507","30",0.929811525309487,1997,148,1950,NA,NA,NA,NA,NA,48
"1508","30",1.01015431968417,1997,148,1950,NA,NA,NA,NA,NA,48
"1509","30",1.05816293318528,1997,148,1950,NA,NA,NA,NA,NA,48
"1510","30",0.968695482266971,1997,148,1950,NA,NA,NA,NA,NA,48
"1511","30",1.40857596745396,1997,148,1950,NA,NA,NA,NA,NA,48
"1512","30",1.19329058734959,1997,148,1950,NA,NA,NA,NA,NA,48
"1513","30",1.03189777849834,1997,148,1950,NA,NA,NA,NA,NA,48
"1514","30",0.885852164761413,1997,148,1950,NA,NA,NA,NA,NA,48
"1515","30",1.2833616418887,1997,148,1950,NA,NA,NA,NA,NA,48
"1516","30",0.934197211720903,1997,148,1950,NA,NA,NA,NA,NA,48
"1517","30",1.01676224703346,1997,148,1950,NA,NA,NA,NA,NA,48
"1518","30",1.17281693710266,1997,148,1950,NA,NA,NA,NA,NA,48
"1519","30",0.477809102166177,1997,148,1950,NA,NA,NA,NA,NA,48
"1520","30",1.1910076706298,1997,148,1950,NA,NA,NA,NA,NA,48
"1521","30",0.930452543227245,1997,148,1950,NA,NA,NA,NA,NA,48
"1522","30",0.638310692949081,1997,148,1950,NA,NA,NA,NA,NA,48
"1523","30",0.696463823254995,1997,148,1950,NA,NA,NA,NA,NA,48
"1524","30",1.20976220236435,1997,148,1950,NA,NA,NA,NA,NA,48
"1525","30",1.00469193301445,1997,148,1950,NA,NA,NA,NA,NA,48
"1526","30",1.02387077655708,1997,148,1950,NA,NA,NA,NA,NA,48
"1527","30",0.73024903211402,1997,148,1950,NA,NA,NA,NA,NA,48
"1528","30",0.79291598539897,1997,148,1950,NA,NA,NA,NA,NA,48
"1529","30",1.23242445540116,1997,148,1950,NA,NA,NA,NA,NA,48
"1530","30",1.03899974366726,1997,148,1950,NA,NA,NA,NA,NA,48
"1531","30",1.18278669798581,1997,148,1950,NA,NA,NA,NA,NA,48
"1532","30",1.05759957415784,1997,148,1950,NA,NA,NA,NA,NA,48
"1533","30",1.64600148068353,1997,148,1950,NA,NA,NA,NA,NA,48
"1534","30",1.52075934137615,1997,148,1950,NA,NA,NA,NA,NA,48
"1535","30",0.850411961906848,1997,148,1950,NA,NA,NA,NA,NA,48
"1536","30",0.932213371223804,1997,148,1950,NA,NA,NA,NA,NA,48
"1537","30",0.844258214971025,1997,148,1950,NA,NA,NA,NA,NA,48
"1538","30",1.1084365223134,1997,148,1950,NA,NA,NA,NA,NA,48
"1539","30",1.37578792905867,1997,148,1950,NA,NA,NA,NA,NA,48
"1540","30",1.04792934464676,1997,148,1950,NA,NA,NA,NA,NA,48
"1541","30",1.10945941547121,1997,148,1950,NA,NA,NA,NA,NA,48
"1542","30",0.927405885779179,1997,148,1950,NA,NA,NA,NA,NA,48
"1543","30",1.02872501078431,1997,148,1950,NA,NA,NA,NA,NA,48
"1544","30",0.994742469771004,1997,148,1950,NA,NA,NA,NA,NA,48
"1545","30",1.03967030768417,1997,148,1950,NA,NA,NA,NA,NA,48
"1546","30",1.23182762833956,1997,148,1950,NA,NA,NA,NA,NA,48
"1547","30",1.08953355450586,1997,148,1950,NA,NA,NA,NA,NA,48
"1548","30",1.07815761028271,1997,148,1950,NA,NA,NA,NA,NA,48
"1549","30",0.763543388646543,1997,148,1950,NA,NA,NA,NA,NA,48
"1550","30",1.23440254247061,1997,148,1950,NA,NA,NA,NA,NA,48
"1551","31",1.60814811004129,1998,149,1950,NA,NA,NA,NA,NA,49
"1552","31",0.219237505360696,1998,149,1950,NA,NA,NA,NA,NA,49
"1553","31",1.2409856027018,1998,149,1950,NA,NA,NA,NA,NA,49
"1554","31",1.23623959440309,1998,149,1950,NA,NA,NA,NA,NA,49
"1555","31",0.942504630391012,1998,149,1950,NA,NA,NA,NA,NA,49
"1556","31",0.89593957597636,1998,149,1950,NA,NA,NA,NA,NA,49
"1557","31",1.14061784972841,1998,149,1950,NA,NA,NA,NA,NA,49
"1558","31",0.992753595621691,1998,149,1950,NA,NA,NA,NA,NA,49
"1559","31",0.996073898016751,1998,149,1950,NA,NA,NA,NA,NA,49
"1560","31",0.963143424322022,1998,149,1950,NA,NA,NA,NA,NA,49
"1561","31",0.820865738473226,1998,149,1950,NA,NA,NA,NA,NA,49
"1562","31",0.772690563514567,1998,149,1950,NA,NA,NA,NA,NA,49
"1563","31",0.687669149114796,1998,149,1950,NA,NA,NA,NA,NA,49
"1564","31",0.894768736781734,1998,149,1950,NA,NA,NA,NA,NA,49
"1565","31",0.773470277875571,1998,149,1950,NA,NA,NA,NA,NA,49
"1566","31",0.895835363200548,1998,149,1950,NA,NA,NA,NA,NA,49
"1567","31",0.919860752713539,1998,149,1950,NA,NA,NA,NA,NA,49
"1568","31",0.660465936711405,1998,149,1950,NA,NA,NA,NA,NA,49
"1569","31",0.668816162226841,1998,149,1950,NA,NA,NA,NA,NA,49
"1570","31",0.782011317442452,1998,149,1950,NA,NA,NA,NA,NA,49
"1571","31",0.842063488041348,1998,149,1950,NA,NA,NA,NA,NA,49
"1572","31",0.722644305299431,1998,149,1950,NA,NA,NA,NA,NA,49
"1573","31",1.83964122224196,1998,149,1950,NA,NA,NA,NA,NA,49
"1574","31",0.925338628133335,1998,149,1950,NA,NA,NA,NA,NA,49
"1575","31",0.754707845189155,1998,149,1950,NA,NA,NA,NA,NA,49
"1576","31",1.10229748768383,1998,149,1950,NA,NA,NA,NA,NA,49
"1577","31",1.07210967906673,1998,149,1950,NA,NA,NA,NA,NA,49
"1578","31",1.00521090240766,1998,149,1950,NA,NA,NA,NA,NA,49
"1579","31",1.01238678999823,1998,149,1950,NA,NA,NA,NA,NA,49
"1580","31",0.804965419078103,1998,149,1950,NA,NA,NA,NA,NA,49
"1581","31",1.2967988766351,1998,149,1950,NA,NA,NA,NA,NA,49
"1582","31",0.742474460196394,1998,149,1950,NA,NA,NA,NA,NA,49
"1583","31",1.34405134230913,1998,149,1950,NA,NA,NA,NA,NA,49
"1584","31",0.578272430479104,1998,149,1950,NA,NA,NA,NA,NA,49
"1585","31",1.01328741760348,1998,149,1950,NA,NA,NA,NA,NA,49
"1586","31",0.782451928521544,1998,149,1950,NA,NA,NA,NA,NA,49
"1587","31",0.915330146309017,1998,149,1950,NA,NA,NA,NA,NA,49
"1588","31",0.767961730835325,1998,149,1950,NA,NA,NA,NA,NA,49
"1589","31",1.03634847559231,1998,149,1950,NA,NA,NA,NA,NA,49
"1590","31",0.65666648653043,1998,149,1950,NA,NA,NA,NA,NA,49
"1591","31",1.04613711919801,1998,149,1950,NA,NA,NA,NA,NA,49
"1592","31",0.988604531657402,1998,149,1950,NA,NA,NA,NA,NA,49
"1593","31",0.979077797096597,1998,149,1950,NA,NA,NA,NA,NA,49
"1594","31",1.11885106060571,1998,149,1950,NA,NA,NA,NA,NA,49
"1595","31",1.29905802682968,1998,149,1950,NA,NA,NA,NA,NA,49
"1596","31",1.07711121913491,1998,149,1950,NA,NA,NA,NA,NA,49
"1597","31",0.903823923922238,1998,149,1950,NA,NA,NA,NA,NA,49
"1598","31",0.626521589089284,1998,149,1950,NA,NA,NA,NA,NA,49
"1599","31",1.23086397272476,1998,149,1950,NA,NA,NA,NA,NA,49
"1600","31",0.834565898264359,1998,149,1950,NA,NA,NA,NA,NA,49
"1601","32",1.64070042052791,1999,150,1950,"R4","CHOCON","N/A",6,3,50
"1602","32",2.01697707695096,1999,150,1950,"R4","CHOCON","N/A",6,3,50
"1603","32",0.937652465138462,1999,150,1950,"R4","CHOCON","N/A",6,3,50
"1604","32",0.972096498955081,1999,150,1950,"R4","CHOCON","N/A",6,3,50
"1605","32",0.653764327657796,1999,150,1950,"R4","CHOCON","N/A",6,3,50
"1606","32",0.710048080882156,1999,150,1950,"R4","CHOCON","N/A",6,3,50
"1607","32",0.732324307042622,1999,150,1950,"R4","CHOCON","N/A",6,3,50
"1608","32",0.78358761601801,1999,150,1950,"R4","CHOCON","N/A",6,3,50
"1609","32",1.06530193887925,1999,150,1950,"R4","CHOCON","N/A",6,3,50
"1610","32",0.900648855684743,1999,150,1950,"R4","CHOCON","N/A",6,3,50
"1611","32",0.892748427730807,1999,150,1950,"R4","CHOCON","N/A",6,3,50
"1612","32",0.733695082210116,1999,150,1950,"R4","CHOCON","N/A",6,3,50
"1613","32",0.862425668795045,1999,150,1950,"R4","CHOCON","N/A",6,3,50
"1614","32",0.824649830592181,1999,150,1950,"R4","CHOCON","N/A",6,3,50
"1615","32",0.909306288961012,1999,150,1950,"R4","CHOCON","N/A",6,3,50
"1616","32",1.42245696854625,1999,150,1950,"R4","CHOCON","N/A",6,3,50
"1617","32",1.29114305971045,1999,150,1950,"R4","CHOCON","N/A",6,3,50
"1618","32",1.15299826931753,1999,150,1950,"R4","CHOCON","N/A",6,3,50
"1619","32",1.11784355072737,1999,150,1950,"R4","CHOCON","N/A",6,3,50
"1620","32",0.949706794803902,1999,150,1950,"R4","CHOCON","N/A",6,3,50
"1621","32",0.727527939750249,1999,150,1950,"R4","CHOCON","N/A",6,3,50
"1622","32",0.804887562762532,1999,150,1950,"R4","CHOCON","N/A",6,3,50
"1623","32",0.575245546523749,1999,150,1950,"R4","CHOCON","N/A",6,3,50
"1624","32",0.84592595659755,1999,150,1950,"R4","CHOCON","N/A",6,3,50
"1625","32",1.00229157084463,1999,150,1950,"R4","CHOCON","N/A",6,3,50
"1626","32",0.967909826689162,1999,150,1950,"R4","CHOCON","N/A",6,3,50
"1627","32",0.734301327218097,1999,150,1950,"R4","CHOCON","N/A",6,3,50
"1628","32",0.960579257486884,1999,150,1950,"R4","CHOCON","N/A",6,3,50
"1629","32",0.872449546043555,1999,150,1950,"R4","CHOCON","N/A",6,3,50
"1630","32",1.12936582585733,1999,150,1950,"R4","CHOCON","N/A",6,3,50
"1631","32",0.872046403644634,1999,150,1950,"R4","CHOCON","N/A",6,3,50
"1632","32",0.786808457198349,1999,150,1950,"R4","CHOCON","N/A",6,3,50
"1633","32",0.424381422347173,1999,150,1950,"R4","CHOCON","N/A",6,3,50
"1634","32",1.17706393422809,1999,150,1950,"R4","CHOCON","N/A",6,3,50
"1635","32",0.876714593082122,1999,150,1950,"R4","CHOCON","N/A",6,3,50
"1636","32",0.885942087131976,1999,150,1950,"R4","CHOCON","N/A",6,3,50
"1637","32",0.84682654628085,1999,150,1950,"R4","CHOCON","N/A",6,3,50
"1638","32",0.979765386146591,1999,150,1950,"R4","CHOCON","N/A",6,3,50
"1639","32",1.05605832197163,1999,150,1950,"R4","CHOCON","N/A",6,3,50
"1640","32",0.832936875498627,1999,150,1950,"R4","CHOCON","N/A",6,3,50
"1641","32",0.833476702384177,1999,150,1950,"R4","CHOCON","N/A",6,3,50
"1642","32",0.946149393345542,1999,150,1950,"R4","CHOCON","N/A",6,3,50
"1643","32",0.845771349087339,1999,150,1950,"R4","CHOCON","N/A",6,3,50
"1644","32",0.612940973648031,1999,150,1950,"R4","CHOCON","N/A",6,3,50
"1645","32",0.510113592468133,1999,150,1950,"R4","CHOCON","N/A",6,3,50
"1646","32",0.823142507625754,1999,150,1950,"R4","CHOCON","N/A",6,3,50
"1647","32",0.833838499483331,1999,150,1950,"R4","CHOCON","N/A",6,3,50
"1648","32",0.921976593529153,1999,150,1950,"R4","CHOCON","N/A",6,3,50
"1649","32",1.0554270172412,1999,150,1950,"R4","CHOCON","N/A",6,3,50
"1650","32",0.942451113653227,1999,150,1950,"R4","CHOCON","N/A",6,3,50
"1651","33",0.2192572760115,2000,151,2000,NA,NA,NA,NA,NA,1
"1652","33",1.80190339451634,2000,151,2000,NA,NA,NA,NA,NA,1
"1653","33",0.928112576813824,2000,151,2000,NA,NA,NA,NA,NA,1
"1654","33",0.690012323096018,2000,151,2000,NA,NA,NA,NA,NA,1
"1655","33",0.950412676493646,2000,151,2000,NA,NA,NA,NA,NA,1
"1656","33",1.02295209755049,2000,151,2000,NA,NA,NA,NA,NA,1
"1657","33",0.872626354001606,2000,151,2000,NA,NA,NA,NA,NA,1
"1658","33",0.801856544994653,2000,151,2000,NA,NA,NA,NA,NA,1
"1659","33",0.956050535446984,2000,151,2000,NA,NA,NA,NA,NA,1
"1660","33",0.882433481315119,2000,151,2000,NA,NA,NA,NA,NA,1
"1661","33",0.957167464599291,2000,151,2000,NA,NA,NA,NA,NA,1
"1662","33",0.721572378068892,2000,151,2000,NA,NA,NA,NA,NA,1
"1663","33",0.512458157700009,2000,151,2000,NA,NA,NA,NA,NA,1
"1664","33",0.686608452406933,2000,151,2000,NA,NA,NA,NA,NA,1
"1665","33",0.854800683615346,2000,151,2000,NA,NA,NA,NA,NA,1
"1666","33",0.999642196481196,2000,151,2000,NA,NA,NA,NA,NA,1
"1667","33",1.02394345763432,2000,151,2000,NA,NA,NA,NA,NA,1
"1668","33",1.17424311869351,2000,151,2000,NA,NA,NA,NA,NA,1
"1669","33",1.37395825798126,2000,151,2000,NA,NA,NA,NA,NA,1
"1670","33",0.886956760090279,2000,151,2000,NA,NA,NA,NA,NA,1
"1671","33",1.0763169147504,2000,151,2000,NA,NA,NA,NA,NA,1
"1672","33",0.930111570780188,2000,151,2000,NA,NA,NA,NA,NA,1
"1673","33",2.13958094136799,2000,151,2000,NA,NA,NA,NA,NA,1
"1674","33",0.780915463850973,2000,151,2000,NA,NA,NA,NA,NA,1
"1675","33",0.878261964566209,2000,151,2000,NA,NA,NA,NA,NA,1
"1676","33",0.872366668287539,2000,151,2000,NA,NA,NA,NA,NA,1
"1677","33",0.812345768924917,2000,151,2000,NA,NA,NA,NA,NA,1
"1678","33",0.972102538044396,2000,151,2000,NA,NA,NA,NA,NA,1
"1679","33",0.917828752795278,2000,151,2000,NA,NA,NA,NA,NA,1
"1680","33",0.811143750035284,2000,151,2000,NA,NA,NA,NA,NA,1
"1681","33",0.854296479338,2000,151,2000,NA,NA,NA,NA,NA,1
"1682","33",0.984084110821388,2000,151,2000,NA,NA,NA,NA,NA,1
"1683","33",1.63056959860905,2000,151,2000,NA,NA,NA,NA,NA,1
"1684","33",0.778113498647448,2000,151,2000,NA,NA,NA,NA,NA,1
"1685","33",1.20685449425392,2000,151,2000,NA,NA,NA,NA,NA,1
"1686","33",1.02312598054519,2000,151,2000,NA,NA,NA,NA,NA,1
"1687","33",0.933879601015208,2000,151,2000,NA,NA,NA,NA,NA,1
"1688","33",0.938275357295109,2000,151,2000,NA,NA,NA,NA,NA,1
"1689","33",0.956845123557322,2000,151,2000,NA,NA,NA,NA,NA,1
"1690","33",0.880761370612225,2000,151,2000,NA,NA,NA,NA,NA,1
"1691","33",0.893643761064938,2000,151,2000,NA,NA,NA,NA,NA,1
"1692","33",0.853366763473348,2000,151,2000,NA,NA,NA,NA,NA,1
"1693","33",0.947673685480452,2000,151,2000,NA,NA,NA,NA,NA,1
"1694","33",0.570701487478907,2000,151,2000,NA,NA,NA,NA,NA,1
"1695","33",0.656115463343205,2000,151,2000,NA,NA,NA,NA,NA,1
"1696","33",0.888807969722892,2000,151,2000,NA,NA,NA,NA,NA,1
"1697","33",0.92196015237997,2000,151,2000,NA,NA,NA,NA,NA,1
"1698","33",0.877199615946737,2000,151,2000,NA,NA,NA,NA,NA,1
"1699","33",0.696142220624574,2000,151,2000,NA,NA,NA,NA,NA,1
"1700","33",0.581421382855065,2000,151,2000,NA,NA,NA,NA,NA,1
"1701","34",1.67493801081371,2001,152,2000,NA,NA,NA,NA,NA,2
"1702","34",2.00522900827956,2001,152,2000,NA,NA,NA,NA,NA,2
"1703","34",1.35256550881815,2001,152,2000,NA,NA,NA,NA,NA,2
"1704","34",1.04589487210468,2001,152,2000,NA,NA,NA,NA,NA,2
"1705","34",1.09447635511289,2001,152,2000,NA,NA,NA,NA,NA,2
"1706","34",1.16384376504923,2001,152,2000,NA,NA,NA,NA,NA,2
"1707","34",1.15666288258871,2001,152,2000,NA,NA,NA,NA,NA,2
"1708","34",1.04662947713756,2001,152,2000,NA,NA,NA,NA,NA,2
"1709","34",1.12163588080115,2001,152,2000,NA,NA,NA,NA,NA,2
"1710","34",0.992089218887221,2001,152,2000,NA,NA,NA,NA,NA,2
"1711","34",1.0734151636624,2001,152,2000,NA,NA,NA,NA,NA,2
"1712","34",1.02458055320327,2001,152,2000,NA,NA,NA,NA,NA,2
"1713","34",0.870035132216844,2001,152,2000,NA,NA,NA,NA,NA,2
"1714","34",0.81623354481088,2001,152,2000,NA,NA,NA,NA,NA,2
"1715","34",1.08991980345296,2001,152,2000,NA,NA,NA,NA,NA,2
"1716","34",0.908990813353248,2001,152,2000,NA,NA,NA,NA,NA,2
"1717","34",0.826417414936609,2001,152,2000,NA,NA,NA,NA,NA,2
"1718","34",0.670289145193379,2001,152,2000,NA,NA,NA,NA,NA,2
"1719","34",1.43044769025327,2001,152,2000,NA,NA,NA,NA,NA,2
"1720","34",0.95454793452102,2001,152,2000,NA,NA,NA,NA,NA,2
"1721","34",1.15021466706058,2001,152,2000,NA,NA,NA,NA,NA,2
"1722","34",1.1023920095144,2001,152,2000,NA,NA,NA,NA,NA,2
"1723","34",1.04223494894585,2001,152,2000,NA,NA,NA,NA,NA,2
"1724","34",1.06338332110892,2001,152,2000,NA,NA,NA,NA,NA,2
"1725","34",0.925076657784797,2001,152,2000,NA,NA,NA,NA,NA,2
"1726","34",1.03062553317897,2001,152,2000,NA,NA,NA,NA,NA,2
"1727","34",1.06510301078916,2001,152,2000,NA,NA,NA,NA,NA,2
"1728","34",1.11371362279688,2001,152,2000,NA,NA,NA,NA,NA,2
"1729","34",0.876232583901776,2001,152,2000,NA,NA,NA,NA,NA,2
"1730","34",0.924059670962138,2001,152,2000,NA,NA,NA,NA,NA,2
"1731","34",1.19412687116662,2001,152,2000,NA,NA,NA,NA,NA,2
"1732","34",0.95222064754927,2001,152,2000,NA,NA,NA,NA,NA,2
"1733","34",2.13692502444235,2001,152,2000,NA,NA,NA,NA,NA,2
"1734","34",1.81553941902867,2001,152,2000,NA,NA,NA,NA,NA,2
"1735","34",1.01730868450094,2001,152,2000,NA,NA,NA,NA,NA,2
"1736","34",1.23204821969747,2001,152,2000,NA,NA,NA,NA,NA,2
"1737","34",1.00854165704865,2001,152,2000,NA,NA,NA,NA,NA,2
"1738","34",1.00553925664138,2001,152,2000,NA,NA,NA,NA,NA,2
"1739","34",0.429048213261515,2001,152,2000,NA,NA,NA,NA,NA,2
"1740","34",1.45871907056999,2001,152,2000,NA,NA,NA,NA,NA,2
"1741","34",1.12349320828162,2001,152,2000,NA,NA,NA,NA,NA,2
"1742","34",1.00068040514896,2001,152,2000,NA,NA,NA,NA,NA,2
"1743","34",1.13092064090799,2001,152,2000,NA,NA,NA,NA,NA,2
"1744","34",0.799876792006466,2001,152,2000,NA,NA,NA,NA,NA,2
"1745","34",0.518234870191103,2001,152,2000,NA,NA,NA,NA,NA,2
"1746","34",1.03586509307465,2001,152,2000,NA,NA,NA,NA,NA,2
"1747","34",1.26115240136228,2001,152,2000,NA,NA,NA,NA,NA,2
"1748","34",1.10527679480426,2001,152,2000,NA,NA,NA,NA,NA,2
"1749","34",0.802889575033136,2001,152,2000,NA,NA,NA,NA,NA,2
"1750","34",0.759279623761683,2001,152,2000,NA,NA,NA,NA,NA,2
"1751","35",1.70203239316756,2002,153,2000,NA,NA,NA,NA,NA,3
"1752","35",0.441749573817098,2002,153,2000,NA,NA,NA,NA,NA,3
"1753","35",1.06315361595428,2002,153,2000,NA,NA,NA,NA,NA,3
"1754","35",1.03713120384684,2002,153,2000,NA,NA,NA,NA,NA,3
"1755","35",1.03554004907393,2002,153,2000,NA,NA,NA,NA,NA,3
"1756","35",1.05009544441703,2002,153,2000,NA,NA,NA,NA,NA,3
"1757","35",0.918090311054267,2002,153,2000,NA,NA,NA,NA,NA,3
"1758","35",0.931092031712166,2002,153,2000,NA,NA,NA,NA,NA,3
"1759","35",0.985613398419416,2002,153,2000,NA,NA,NA,NA,NA,3
"1760","35",1.03182746681349,2002,153,2000,NA,NA,NA,NA,NA,3
"1761","35",1.1795903367119,2002,153,2000,NA,NA,NA,NA,NA,3
"1762","35",1.39572552715463,2002,153,2000,NA,NA,NA,NA,NA,3
"1763","35",1.2446052585897,2002,153,2000,NA,NA,NA,NA,NA,3
"1764","35",1.32520047676784,2002,153,2000,NA,NA,NA,NA,NA,3
"1765","35",1.24753406933972,2002,153,2000,NA,NA,NA,NA,NA,3
"1766","35",1.07069782834451,2002,153,2000,NA,NA,NA,NA,NA,3
"1767","35",0.93305155021414,2002,153,2000,NA,NA,NA,NA,NA,3
"1768","35",0.673588426242306,2002,153,2000,NA,NA,NA,NA,NA,3
"1769","35",1.22195656514867,2002,153,2000,NA,NA,NA,NA,NA,3
"1770","35",1.45690693647017,2002,153,2000,NA,NA,NA,NA,NA,3
"1771","35",1.68620443032422,2002,153,2000,NA,NA,NA,NA,NA,3
"1772","35",0.851955908833089,2002,153,2000,NA,NA,NA,NA,NA,3
"1773","35",0.496163463136892,2002,153,2000,NA,NA,NA,NA,NA,3
"1774","35",1.01624866654484,2002,153,2000,NA,NA,NA,NA,NA,3
"1775","35",0.782877120892973,2002,153,2000,NA,NA,NA,NA,NA,3
"1776","35",0.816132516293502,2002,153,2000,NA,NA,NA,NA,NA,3
"1777","35",1.0041233882757,2002,153,2000,NA,NA,NA,NA,NA,3
"1778","35",0.969704803261658,2002,153,2000,NA,NA,NA,NA,NA,3
"1779","35",0.918975779644317,2002,153,2000,NA,NA,NA,NA,NA,3
"1780","35",0.725874663381413,2002,153,2000,NA,NA,NA,NA,NA,3
"1781","35",0.838983568949274,2002,153,2000,NA,NA,NA,NA,NA,3
"1782","35",1.01436373477481,2002,153,2000,NA,NA,NA,NA,NA,3
"1783","35",0.555706992632813,2002,153,2000,NA,NA,NA,NA,NA,3
"1784","35",0.804499324126287,2002,153,2000,NA,NA,NA,NA,NA,3
"1785","35",0.921290201127603,2002,153,2000,NA,NA,NA,NA,NA,3
"1786","35",0.887350193780447,2002,153,2000,NA,NA,NA,NA,NA,3
"1787","35",0.974402324908575,2002,153,2000,NA,NA,NA,NA,NA,3
"1788","35",1.05229428335224,2002,153,2000,NA,NA,NA,NA,NA,3
"1789","35",0.741157140124008,2002,153,2000,NA,NA,NA,NA,NA,3
"1790","35",0.800759507276402,2002,153,2000,NA,NA,NA,NA,NA,3
"1791","35",1.03704495672154,2002,153,2000,NA,NA,NA,NA,NA,3
"1792","35",1.0254556135255,2002,153,2000,NA,NA,NA,NA,NA,3
"1793","35",1.08371008831571,2002,153,2000,NA,NA,NA,NA,NA,3
"1794","35",1.13923712766767,2002,153,2000,NA,NA,NA,NA,NA,3
"1795","35",1.15300208845083,2002,153,2000,NA,NA,NA,NA,NA,3
"1796","35",0.917922973080306,2002,153,2000,NA,NA,NA,NA,NA,3
"1797","35",1.08197733375814,2002,153,2000,NA,NA,NA,NA,NA,3
"1798","35",1.35761099643746,2002,153,2000,NA,NA,NA,NA,NA,3
"1799","35",1.03103207298168,2002,153,2000,NA,NA,NA,NA,NA,3
"1800","35",0.640192656167054,2002,153,2000,NA,NA,NA,NA,NA,3
"1801","36",0.472558379518468,2003,154,2000,NA,NA,NA,NA,NA,4
"1802","36",0.412593485839489,2003,154,2000,NA,NA,NA,NA,NA,4
"1803","36",1.32574168287663,2003,154,2000,NA,NA,NA,NA,NA,4
"1804","36",1.3972223381578,2003,154,2000,NA,NA,NA,NA,NA,4
"1805","36",1.41743394575435,2003,154,2000,NA,NA,NA,NA,NA,4
"1806","36",1.2408730217874,2003,154,2000,NA,NA,NA,NA,NA,4
"1807","36",1.2195660953324,2003,154,2000,NA,NA,NA,NA,NA,4
"1808","36",1.32616841471329,2003,154,2000,NA,NA,NA,NA,NA,4
"1809","36",1.27136269270307,2003,154,2000,NA,NA,NA,NA,NA,4
"1810","36",1.05539575915344,2003,154,2000,NA,NA,NA,NA,NA,4
"1811","36",1.07344391140447,2003,154,2000,NA,NA,NA,NA,NA,4
"1812","36",1.06435881182948,2003,154,2000,NA,NA,NA,NA,NA,4
"1813","36",1.25545422774734,2003,154,2000,NA,NA,NA,NA,NA,4
"1814","36",1.295898248239,2003,154,2000,NA,NA,NA,NA,NA,4
"1815","36",0.940895958622787,2003,154,2000,NA,NA,NA,NA,NA,4
"1816","36",1.30789061914847,2003,154,2000,NA,NA,NA,NA,NA,4
"1817","36",1.08588555580658,2003,154,2000,NA,NA,NA,NA,NA,4
"1818","36",0.829601407634569,2003,154,2000,NA,NA,NA,NA,NA,4
"1819","36",1.18160514590081,2003,154,2000,NA,NA,NA,NA,NA,4
"1820","36",0.963075754907275,2003,154,2000,NA,NA,NA,NA,NA,4
"1821","36",1.30268847179252,2003,154,2000,NA,NA,NA,NA,NA,4
"1822","36",1.24898116428305,2003,154,2000,NA,NA,NA,NA,NA,4
"1823","36",0.731977632111167,2003,154,2000,NA,NA,NA,NA,NA,4
"1824","36",1.1022348664596,2003,154,2000,NA,NA,NA,NA,NA,4
"1825","36",0.981046551262948,2003,154,2000,NA,NA,NA,NA,NA,4
"1826","36",1.28459830117,2003,154,2000,NA,NA,NA,NA,NA,4
"1827","36",1.4124410189299,2003,154,2000,NA,NA,NA,NA,NA,4
"1828","36",1.27925425935804,2003,154,2000,NA,NA,NA,NA,NA,4
"1829","36",1.11655657575793,2003,154,2000,NA,NA,NA,NA,NA,4
"1830","36",0.963069400410271,2003,154,2000,NA,NA,NA,NA,NA,4
"1831","36",1.04312034506207,2003,154,2000,NA,NA,NA,NA,NA,4
"1832","36",1.10189950217582,2003,154,2000,NA,NA,NA,NA,NA,4
"1833","36",0.815991272280505,2003,154,2000,NA,NA,NA,NA,NA,4
"1834","36",1.08264026417855,2003,154,2000,NA,NA,NA,NA,NA,4
"1835","36",1.26040559622123,2003,154,2000,NA,NA,NA,NA,NA,4
"1836","36",1.44633851167915,2003,154,2000,NA,NA,NA,NA,NA,4
"1837","36",1.24138751047208,2003,154,2000,NA,NA,NA,NA,NA,4
"1838","36",1.12737542551393,2003,154,2000,NA,NA,NA,NA,NA,4
"1839","36",0.995578846730329,2003,154,2000,NA,NA,NA,NA,NA,4
"1840","36",1.36749991426128,2003,154,2000,NA,NA,NA,NA,NA,4
"1841","36",1.34499952396112,2003,154,2000,NA,NA,NA,NA,NA,4
"1842","36",1.31277789652527,2003,154,2000,NA,NA,NA,NA,NA,4
"1843","36",1.15249953940447,2003,154,2000,NA,NA,NA,NA,NA,4
"1844","36",1.25388185795215,2003,154,2000,NA,NA,NA,NA,NA,4
"1845","36",1.2814105660219,2003,154,2000,NA,NA,NA,NA,NA,4
"1846","36",1.1056443852459,2003,154,2000,NA,NA,NA,NA,NA,4
"1847","36",1.16863989600809,2003,154,2000,NA,NA,NA,NA,NA,4
"1848","36",1.11789002603805,2003,154,2000,NA,NA,NA,NA,NA,4
"1849","36",1.08920710798308,2003,154,2000,NA,NA,NA,NA,NA,4
"1850","36",1.74692387514409,2003,154,2000,NA,NA,NA,NA,NA,4
"1851","37",1.19268008970513,2004,155,2000,"R4","IDL","CHOCON",2,2,5
"1852","37",0.47295257589041,2004,155,2000,"R4","IDL","CHOCON",2,2,5
"1853","37",0.854607756408639,2004,155,2000,"R4","IDL","CHOCON",2,2,5
"1854","37",1.04867059602561,2004,155,2000,"R4","IDL","CHOCON",2,2,5
"1855","37",1.0329724113409,2004,155,2000,"R4","IDL","CHOCON",2,2,5
"1856","37",0.859739584403116,2004,155,2000,"R4","IDL","CHOCON",2,2,5
"1857","37",0.672201429287926,2004,155,2000,"R4","IDL","CHOCON",2,2,5
"1858","37",0.772357758561933,2004,155,2000,"R4","IDL","CHOCON",2,2,5
"1859","37",0.984008314892663,2004,155,2000,"R4","IDL","CHOCON",2,2,5
"1860","37",0.740880725874185,2004,155,2000,"R4","IDL","CHOCON",2,2,5
"1861","37",1.00039725601136,2004,155,2000,"R4","IDL","CHOCON",2,2,5
"1862","37",1.18422695466303,2004,155,2000,"R4","IDL","CHOCON",2,2,5
"1863","37",1.31475040466936,2004,155,2000,"R4","IDL","CHOCON",2,2,5
"1864","37",1.16942350572395,2004,155,2000,"R4","IDL","CHOCON",2,2,5
"1865","37",1.20270968815563,2004,155,2000,"R4","IDL","CHOCON",2,2,5
"1866","37",1.11817731531441,2004,155,2000,"R4","IDL","CHOCON",2,2,5
"1867","37",1.20289049232051,2004,155,2000,"R4","IDL","CHOCON",2,2,5
"1868","37",1.00841229622651,2004,155,2000,"R4","IDL","CHOCON",2,2,5
"1869","37",1.49338752088688,2004,155,2000,"R4","IDL","CHOCON",2,2,5
"1870","37",0.807107054362276,2004,155,2000,"R4","IDL","CHOCON",2,2,5
"1871","37",0.708551461561388,2004,155,2000,"R4","IDL","CHOCON",2,2,5
"1872","37",0.84301591972833,2004,155,2000,"R4","IDL","CHOCON",2,2,5
"1873","37",0.524881239036795,2004,155,2000,"R4","IDL","CHOCON",2,2,5
"1874","37",0.970323748593187,2004,155,2000,"R4","IDL","CHOCON",2,2,5
"1875","37",1.05553873957058,2004,155,2000,"R4","IDL","CHOCON",2,2,5
"1876","37",0.905736906458779,2004,155,2000,"R4","IDL","CHOCON",2,2,5
"1877","37",0.792267035269539,2004,155,2000,"R4","IDL","CHOCON",2,2,5
"1878","37",0.729711892715091,2004,155,2000,"R4","IDL","CHOCON",2,2,5
"1879","37",1.17159149894561,2004,155,2000,"R4","IDL","CHOCON",2,2,5
"1880","37",1.38515973406323,2004,155,2000,"R4","IDL","CHOCON",2,2,5
"1881","37",0.652651252536499,2004,155,2000,"R4","IDL","CHOCON",2,2,5
"1882","37",1.16235206923715,2004,155,2000,"R4","IDL","CHOCON",2,2,5
"1883","37",0.645896419713148,2004,155,2000,"R4","IDL","CHOCON",2,2,5
"1884","37",0.795277682419618,2004,155,2000,"R4","IDL","CHOCON",2,2,5
"1885","37",0.780664911871548,2004,155,2000,"R4","IDL","CHOCON",2,2,5
"1886","37",0.633935877796892,2004,155,2000,"R4","IDL","CHOCON",2,2,5
"1887","37",0.875240752555911,2004,155,2000,"R4","IDL","CHOCON",2,2,5
"1888","37",1.09734418343812,2004,155,2000,"R4","IDL","CHOCON",2,2,5
"1889","37",1.3070489644619,2004,155,2000,"R4","IDL","CHOCON",2,2,5
"1890","37",0.819931930048712,2004,155,2000,"R4","IDL","CHOCON",2,2,5
"1891","37",0.977285567294662,2004,155,2000,"R4","IDL","CHOCON",2,2,5
"1892","37",1.10409201074297,2004,155,2000,"R4","IDL","CHOCON",2,2,5
"1893","37",0.874201265315705,2004,155,2000,"R4","IDL","CHOCON",2,2,5
"1894","37",0.792173853544944,2004,155,2000,"R4","IDL","CHOCON",2,2,5
"1895","37",1.01662023300439,2004,155,2000,"R4","IDL","CHOCON",2,2,5
"1896","37",1.180165670375,2004,155,2000,"R4","IDL","CHOCON",2,2,5
"1897","37",0.922064531709191,2004,155,2000,"R4","IDL","CHOCON",2,2,5
"1898","37",0.895390213912962,2004,155,2000,"R4","IDL","CHOCON",2,2,5
"1899","37",0.913887492276754,2004,155,2000,"R4","IDL","CHOCON",2,2,5
"1900","37",0.917053355315156,2004,155,2000,"R4","IDL","CHOCON",2,2,5
"1901","38",0.245548852501471,2005,156,2000,NA,NA,NA,NA,NA,6
"1902","38",1.32812152715,2005,156,2000,NA,NA,NA,NA,NA,6
"1903","38",1.12828836108567,2005,156,2000,NA,NA,NA,NA,NA,6
"1904","38",1.12678974939026,2005,156,2000,NA,NA,NA,NA,NA,6
"1905","38",0.97289668661293,2005,156,2000,NA,NA,NA,NA,NA,6
"1906","38",1.23405067018276,2005,156,2000,NA,NA,NA,NA,NA,6
"1907","38",1.21643093865381,2005,156,2000,NA,NA,NA,NA,NA,6
"1908","38",0.95679420300928,2005,156,2000,NA,NA,NA,NA,NA,6
"1909","38",0.981669440787288,2005,156,2000,NA,NA,NA,NA,NA,6
"1910","38",0.966595365517557,2005,156,2000,NA,NA,NA,NA,NA,6
"1911","38",1.25024906696599,2005,156,2000,NA,NA,NA,NA,NA,6
"1912","38",1.43400824667592,2005,156,2000,NA,NA,NA,NA,NA,6
"1913","38",1.02147285084989,2005,156,2000,NA,NA,NA,NA,NA,6
"1914","38",0.985610182155459,2005,156,2000,NA,NA,NA,NA,NA,6
"1915","38",1.29833470837745,2005,156,2000,NA,NA,NA,NA,NA,6
"1916","38",0.99556862758558,2005,156,2000,NA,NA,NA,NA,NA,6
"1917","38",1.01909175013432,2005,156,2000,NA,NA,NA,NA,NA,6
"1918","38",1.52279044600864,2005,156,2000,NA,NA,NA,NA,NA,6
"1919","38",1.04393925504432,2005,156,2000,NA,NA,NA,NA,NA,6
"1920","38",1.19241230230018,2005,156,2000,NA,NA,NA,NA,NA,6
"1921","38",1.04370588422526,2005,156,2000,NA,NA,NA,NA,NA,6
"1922","38",1.22101601855169,2005,156,2000,NA,NA,NA,NA,NA,6
"1923","38",0.967743958808602,2005,156,2000,NA,NA,NA,NA,NA,6
"1924","38",0.901464868382252,2005,156,2000,NA,NA,NA,NA,NA,6
"1925","38",1.14557238212899,2005,156,2000,NA,NA,NA,NA,NA,6
"1926","38",1.08547037422831,2005,156,2000,NA,NA,NA,NA,NA,6
"1927","38",1.31062809308777,2005,156,2000,NA,NA,NA,NA,NA,6
"1928","38",0.901517889630465,2005,156,2000,NA,NA,NA,NA,NA,6
"1929","38",0.895207778105135,2005,156,2000,NA,NA,NA,NA,NA,6
"1930","38",1.16582275456587,2005,156,2000,NA,NA,NA,NA,NA,6
"1931","38",0.883451907645473,2005,156,2000,NA,NA,NA,NA,NA,6
"1932","38",0.920112744224086,2005,156,2000,NA,NA,NA,NA,NA,6
"1933","38",0.77480912331671,2005,156,2000,NA,NA,NA,NA,NA,6
"1934","38",0.985575084990006,2005,156,2000,NA,NA,NA,NA,NA,6
"1935","38",1.21506184072856,2005,156,2000,NA,NA,NA,NA,NA,6
"1936","38",0.859310397849568,2005,156,2000,NA,NA,NA,NA,NA,6
"1937","38",1.21016364502865,2005,156,2000,NA,NA,NA,NA,NA,6
"1938","38",0.870822763575165,2005,156,2000,NA,NA,NA,NA,NA,6
"1939","38",0.716696421149681,2005,156,2000,NA,NA,NA,NA,NA,6
"1940","38",1.02268729883059,2005,156,2000,NA,NA,NA,NA,NA,6
"1941","38",1.03385141126114,2005,156,2000,NA,NA,NA,NA,NA,6
"1942","38",1.12682863231196,2005,156,2000,NA,NA,NA,NA,NA,6
"1943","38",0.835399120571739,2005,156,2000,NA,NA,NA,NA,NA,6
"1944","38",0.666684138961273,2005,156,2000,NA,NA,NA,NA,NA,6
"1945","38",0.868848242214012,2005,156,2000,NA,NA,NA,NA,NA,6
"1946","38",0.867353138664977,2005,156,2000,NA,NA,NA,NA,NA,6
"1947","38",1.00978844837079,2005,156,2000,NA,NA,NA,NA,NA,6
"1948","38",0.93010524329593,2005,156,2000,NA,NA,NA,NA,NA,6
"1949","38",0.91642049497874,2005,156,2000,NA,NA,NA,NA,NA,6
"1950","38",0.839930659147746,2005,156,2000,NA,NA,NA,NA,NA,6
"1951","39",1.1877491641524,2006,157,2000,NA,NA,NA,NA,NA,7
"1952","39",1.28682707475294,2006,157,2000,NA,NA,NA,NA,NA,7
"1953","39",0.956809984215155,2006,157,2000,NA,NA,NA,NA,NA,7
"1954","39",0.90316205267963,2006,157,2000,NA,NA,NA,NA,NA,7
"1955","39",1.0733220419243,2006,157,2000,NA,NA,NA,NA,NA,7
"1956","39",0.939359837795668,2006,157,2000,NA,NA,NA,NA,NA,7
"1957","39",1.05689800439598,2006,157,2000,NA,NA,NA,NA,NA,7
"1958","39",0.872164211089757,2006,157,2000,NA,NA,NA,NA,NA,7
"1959","39",0.699361837642641,2006,157,2000,NA,NA,NA,NA,NA,7
"1960","39",0.704522664974106,2006,157,2000,NA,NA,NA,NA,NA,7
"1961","39",0.997772693284333,2006,157,2000,NA,NA,NA,NA,NA,7
"1962","39",1.03630821298878,2006,157,2000,NA,NA,NA,NA,NA,7
"1963","39",1.2845614336527,2006,157,2000,NA,NA,NA,NA,NA,7
"1964","39",1.64734431560511,2006,157,2000,NA,NA,NA,NA,NA,7
"1965","39",1.16645660379914,2006,157,2000,NA,NA,NA,NA,NA,7
"1966","39",1.16522882480651,2006,157,2000,NA,NA,NA,NA,NA,7
"1967","39",1.15868843312035,2006,157,2000,NA,NA,NA,NA,NA,7
"1968","39",1.34372256366811,2006,157,2000,NA,NA,NA,NA,NA,7
"1969","39",1.0302785772348,2006,157,2000,NA,NA,NA,NA,NA,7
"1970","39",1.69623755575022,2006,157,2000,NA,NA,NA,NA,NA,7
"1971","39",1.59139236927172,2006,157,2000,NA,NA,NA,NA,NA,7
"1972","39",1.11295900618434,2006,157,2000,NA,NA,NA,NA,NA,7
"1973","39",0.747034932368115,2006,157,2000,NA,NA,NA,NA,NA,7
"1974","39",1.2342821582162,2006,157,2000,NA,NA,NA,NA,NA,7
"1975","39",1.02742565775487,2006,157,2000,NA,NA,NA,NA,NA,7
"1976","39",0.985190795386748,2006,157,2000,NA,NA,NA,NA,NA,7
"1977","39",0.80145013852991,2006,157,2000,NA,NA,NA,NA,NA,7
"1978","39",0.744132891519378,2006,157,2000,NA,NA,NA,NA,NA,7
"1979","39",1.22309331583686,2006,157,2000,NA,NA,NA,NA,NA,7
"1980","39",1.17356877823941,2006,157,2000,NA,NA,NA,NA,NA,7
"1981","39",1.08388241926756,2006,157,2000,NA,NA,NA,NA,NA,7
"1982","39",1.22998023102472,2006,157,2000,NA,NA,NA,NA,NA,7
"1983","39",0.684369851378977,2006,157,2000,NA,NA,NA,NA,NA,7
"1984","39",0.827551259095223,2006,157,2000,NA,NA,NA,NA,NA,7
"1985","39",0.656119062283202,2006,157,2000,NA,NA,NA,NA,NA,7
"1986","39",0.992115922364676,2006,157,2000,NA,NA,NA,NA,NA,7
"1987","39",0.874987408649223,2006,157,2000,NA,NA,NA,NA,NA,7
"1988","39",1.21397808583656,2006,157,2000,NA,NA,NA,NA,NA,7
"1989","39",1.13665940865459,2006,157,2000,NA,NA,NA,NA,NA,7
"1990","39",0.815652491240642,2006,157,2000,NA,NA,NA,NA,NA,7
"1991","39",0.872173462798808,2006,157,2000,NA,NA,NA,NA,NA,7
"1992","39",0.930462954549602,2006,157,2000,NA,NA,NA,NA,NA,7
"1993","39",1.00764464939069,2006,157,2000,NA,NA,NA,NA,NA,7
"1994","39",1.31618369434641,2006,157,2000,NA,NA,NA,NA,NA,7
"1995","39",0.767908351499608,2006,157,2000,NA,NA,NA,NA,NA,7
"1996","39",1.13974652916937,2006,157,2000,NA,NA,NA,NA,NA,7
"1997","39",0.927008962519998,2006,157,2000,NA,NA,NA,NA,NA,7
"1998","39",1.00432224746431,2006,157,2000,NA,NA,NA,NA,NA,7
"1999","39",1.35394624174883,2006,157,2000,NA,NA,NA,NA,NA,7
"2000","39",1.03082798726036,2006,157,2000,NA,NA,NA,NA,NA,7
"2001","40",1.35965303838368,2007,158,2000,NA,NA,NA,NA,NA,8
"2002","40",1.38560350099698,2007,158,2000,NA,NA,NA,NA,NA,8
"2003","40",1.13694196748232,2007,158,2000,NA,NA,NA,NA,NA,8
"2004","40",1.32908251675257,2007,158,2000,NA,NA,NA,NA,NA,8
"2005","40",0.865505124823356,2007,158,2000,NA,NA,NA,NA,NA,8
"2006","40",0.878803770572177,2007,158,2000,NA,NA,NA,NA,NA,8
"2007","40",1.18682922073441,2007,158,2000,NA,NA,NA,NA,NA,8
"2008","40",1.35684616367339,2007,158,2000,NA,NA,NA,NA,NA,8
"2009","40",1.76261574615381,2007,158,2000,NA,NA,NA,NA,NA,8
"2010","40",1.48265357830467,2007,158,2000,NA,NA,NA,NA,NA,8
"2011","40",1.19108882911765,2007,158,2000,NA,NA,NA,NA,NA,8
"2012","40",1.06851166773513,2007,158,2000,NA,NA,NA,NA,NA,8
"2013","40",1.24197885295034,2007,158,2000,NA,NA,NA,NA,NA,8
"2014","40",1.26870558616394,2007,158,2000,NA,NA,NA,NA,NA,8
"2015","40",1.24354435733991,2007,158,2000,NA,NA,NA,NA,NA,8
"2016","40",1.13903576706928,2007,158,2000,NA,NA,NA,NA,NA,8
"2017","40",1.13183088922043,2007,158,2000,NA,NA,NA,NA,NA,8
"2018","40",1.2586502510137,2007,158,2000,NA,NA,NA,NA,NA,8
"2019","40",1.10305881727665,2007,158,2000,NA,NA,NA,NA,NA,8
"2020","40",1.08968638462644,2007,158,2000,NA,NA,NA,NA,NA,8
"2021","40",1.06053138947696,2007,158,2000,NA,NA,NA,NA,NA,8
"2022","40",1.23979780724078,2007,158,2000,NA,NA,NA,NA,NA,8
"2023","40",1.07184506976742,2007,158,2000,NA,NA,NA,NA,NA,8
"2024","40",1.12027161906101,2007,158,2000,NA,NA,NA,NA,NA,8
"2025","40",1.26546347042474,2007,158,2000,NA,NA,NA,NA,NA,8
"2026","40",1.0050284475774,2007,158,2000,NA,NA,NA,NA,NA,8
"2027","40",1.3487764593578,2007,158,2000,NA,NA,NA,NA,NA,8
"2028","40",1.36630989318519,2007,158,2000,NA,NA,NA,NA,NA,8
"2029","40",0.976419727580954,2007,158,2000,NA,NA,NA,NA,NA,8
"2030","40",1.25550177783658,2007,158,2000,NA,NA,NA,NA,NA,8
"2031","40",1.23021965961831,2007,158,2000,NA,NA,NA,NA,NA,8
"2032","40",0.992492944496146,2007,158,2000,NA,NA,NA,NA,NA,8
"2033","40",1.06003061328726,2007,158,2000,NA,NA,NA,NA,NA,8
"2034","40",1.17692229417569,2007,158,2000,NA,NA,NA,NA,NA,8
"2035","40",1.1360919775536,2007,158,2000,NA,NA,NA,NA,NA,8
"2036","40",1.28815136807351,2007,158,2000,NA,NA,NA,NA,NA,8
"2037","40",1.31064960246336,2007,158,2000,NA,NA,NA,NA,NA,8
"2038","40",1.06377039648169,2007,158,2000,NA,NA,NA,NA,NA,8
"2039","40",1.38570279864783,2007,158,2000,NA,NA,NA,NA,NA,8
"2040","40",1.24490330554337,2007,158,2000,NA,NA,NA,NA,NA,8
"2041","40",1.00262360192394,2007,158,2000,NA,NA,NA,NA,NA,8
"2042","40",1.14820348528079,2007,158,2000,NA,NA,NA,NA,NA,8
"2043","40",1.25588126610359,2007,158,2000,NA,NA,NA,NA,NA,8
"2044","40",1.35302733937036,2007,158,2000,NA,NA,NA,NA,NA,8
"2045","40",1.01170876152802,2007,158,2000,NA,NA,NA,NA,NA,8
"2046","40",1.10639188957703,2007,158,2000,NA,NA,NA,NA,NA,8
"2047","40",0.993847137403631,2007,158,2000,NA,NA,NA,NA,NA,8
"2048","40",1.03228587245629,2007,158,2000,NA,NA,NA,NA,NA,8
"2049","40",1.25144481336333,2007,158,2000,NA,NA,NA,NA,NA,8
"2050","40",1.23333604184288,2007,158,2000,NA,NA,NA,NA,NA,8
"2051","41",1.11147996566348,2008,159,2000,"R4","IDO","OPEBRU",1,1,9
"2052","41",1.13011240858798,2008,159,2000,"R4","IDO","OPEBRU",1,1,9
"2053","41",1.20987436155689,2008,159,2000,"R4","IDO","OPEBRU",1,1,9
"2054","41",1.17201615412868,2008,159,2000,"R4","IDO","OPEBRU",1,1,9
"2055","41",0.978170967350343,2008,159,2000,"R4","IDO","OPEBRU",1,1,9
"2056","41",1.00999312026963,2008,159,2000,"R4","IDO","OPEBRU",1,1,9
"2057","41",1.05542128204459,2008,159,2000,"R4","IDO","OPEBRU",1,1,9
"2058","41",1.21919393784905,2008,159,2000,"R4","IDO","OPEBRU",1,1,9
"2059","41",0.955956787076828,2008,159,2000,"R4","IDO","OPEBRU",1,1,9
"2060","41",0.943233438878616,2008,159,2000,"R4","IDO","OPEBRU",1,1,9
"2061","41",1.33362653240526,2008,159,2000,"R4","IDO","OPEBRU",1,1,9
"2062","41",1.35517140188287,2008,159,2000,"R4","IDO","OPEBRU",1,1,9
"2063","41",1.02161438313307,2008,159,2000,"R4","IDO","OPEBRU",1,1,9
"2064","41",0.929416235496057,2008,159,2000,"R4","IDO","OPEBRU",1,1,9
"2065","41",1.01354711388847,2008,159,2000,"R4","IDO","OPEBRU",1,1,9
"2066","41",1.10089135197048,2008,159,2000,"R4","IDO","OPEBRU",1,1,9
"2067","41",1.04502682942022,2008,159,2000,"R4","IDO","OPEBRU",1,1,9
"2068","41",1.18741107071708,2008,159,2000,"R4","IDO","OPEBRU",1,1,9
"2069","41",0.890275494519938,2008,159,2000,"R4","IDO","OPEBRU",1,1,9
"2070","41",1.09853729436614,2008,159,2000,"R4","IDO","OPEBRU",1,1,9
"2071","41",0.910546148980677,2008,159,2000,"R4","IDO","OPEBRU",1,1,9
"2072","41",1.23129534874229,2008,159,2000,"R4","IDO","OPEBRU",1,1,9
"2073","41",1.15733102376913,2008,159,2000,"R4","IDO","OPEBRU",1,1,9
"2074","41",1.24238463371686,2008,159,2000,"R4","IDO","OPEBRU",1,1,9
"2075","41",1.23795651514359,2008,159,2000,"R4","IDO","OPEBRU",1,1,9
"2076","41",1.4054553097254,2008,159,2000,"R4","IDO","OPEBRU",1,1,9
"2077","41",1.03798956349879,2008,159,2000,"R4","IDO","OPEBRU",1,1,9
"2078","41",1.4585701560656,2008,159,2000,"R4","IDO","OPEBRU",1,1,9
"2079","41",1.06105080264522,2008,159,2000,"R4","IDO","OPEBRU",1,1,9
"2080","41",0.96195073654747,2008,159,2000,"R4","IDO","OPEBRU",1,1,9
"2081","41",1.52097347414329,2008,159,2000,"R4","IDO","OPEBRU",1,1,9
"2082","41",0.964882808629269,2008,159,2000,"R4","IDO","OPEBRU",1,1,9
"2083","41",1.34657898689469,2008,159,2000,"R4","IDO","OPEBRU",1,1,9
"2084","41",1.2237582624672,2008,159,2000,"R4","IDO","OPEBRU",1,1,9
"2085","41",0.882313442067696,2008,159,2000,"R4","IDO","OPEBRU",1,1,9
"2086","41",1.29058062742048,2008,159,2000,"R4","IDO","OPEBRU",1,1,9
"2087","41",1.2631871564414,2008,159,2000,"R4","IDO","OPEBRU",1,1,9
"2088","41",1.10477061210252,2008,159,2000,"R4","IDO","OPEBRU",1,1,9
"2089","41",1.38331207901856,2008,159,2000,"R4","IDO","OPEBRU",1,1,9
"2090","41",1.23960581771586,2008,159,2000,"R4","IDO","OPEBRU",1,1,9
"2091","41",1.23180553671707,2008,159,2000,"R4","IDO","OPEBRU",1,1,9
"2092","41",1.30961039006531,2008,159,2000,"R4","IDO","OPEBRU",1,1,9
"2093","41",1.35001854275554,2008,159,2000,"R4","IDO","OPEBRU",1,1,9
"2094","41",1.30149759182651,2008,159,2000,"R4","IDO","OPEBRU",1,1,9
"2095","41",1.56550651212308,2008,159,2000,"R4","IDO","OPEBRU",1,1,9
"2096","41",0.99069088077902,2008,159,2000,"R4","IDO","OPEBRU",1,1,9
"2097","41",1.2773159078613,2008,159,2000,"R4","IDO","OPEBRU",1,1,9
"2098","41",1.16764843463525,2008,159,2000,"R4","IDO","OPEBRU",1,1,9
"2099","41",0.966238526854042,2008,159,2000,"R4","IDO","OPEBRU",1,1,9
"2100","41",1.22401219991694,2008,159,2000,"R4","IDO","OPEBRU",1,1,9
"2101","42",1.21103684182604,2009,160,2000,NA,NA,NA,NA,NA,10
"2102","42",1.19599696427958,2009,160,2000,NA,NA,NA,NA,NA,10
"2103","42",1.08435892134961,2009,160,2000,NA,NA,NA,NA,NA,10
"2104","42",1.10065624558371,2009,160,2000,NA,NA,NA,NA,NA,10
"2105","42",0.820502753240103,2009,160,2000,NA,NA,NA,NA,NA,10
"2106","42",0.884330948128303,2009,160,2000,NA,NA,NA,NA,NA,10
"2107","42",0.992672797146234,2009,160,2000,NA,NA,NA,NA,NA,10
"2108","42",1.1347514830121,2009,160,2000,NA,NA,NA,NA,NA,10
"2109","42",1.0426459803269,2009,160,2000,NA,NA,NA,NA,NA,10
"2110","42",1.04484197950837,2009,160,2000,NA,NA,NA,NA,NA,10
"2111","42",1.09890580482401,2009,160,2000,NA,NA,NA,NA,NA,10
"2112","42",0.934571992051386,2009,160,2000,NA,NA,NA,NA,NA,10
"2113","42",1.24165378358817,2009,160,2000,NA,NA,NA,NA,NA,10
"2114","42",1.08734813377872,2009,160,2000,NA,NA,NA,NA,NA,10
"2115","42",0.868107715093742,2009,160,2000,NA,NA,NA,NA,NA,10
"2116","42",1.03658130048743,2009,160,2000,NA,NA,NA,NA,NA,10
"2117","42",1.13806738283092,2009,160,2000,NA,NA,NA,NA,NA,10
"2118","42",0.870685829018598,2009,160,2000,NA,NA,NA,NA,NA,10
"2119","42",1.01738449086245,2009,160,2000,NA,NA,NA,NA,NA,10
"2120","42",1.02061233042408,2009,160,2000,NA,NA,NA,NA,NA,10
"2121","42",1.08500521607181,2009,160,2000,NA,NA,NA,NA,NA,10
"2122","42",0.957969550199844,2009,160,2000,NA,NA,NA,NA,NA,10
"2123","42",1.32193040225297,2009,160,2000,NA,NA,NA,NA,NA,10
"2124","42",1.31492323005262,2009,160,2000,NA,NA,NA,NA,NA,10
"2125","42",1.35190279444528,2009,160,2000,NA,NA,NA,NA,NA,10
"2126","42",1.19334781969777,2009,160,2000,NA,NA,NA,NA,NA,10
"2127","42",1.22137486298876,2009,160,2000,NA,NA,NA,NA,NA,10
"2128","42",1.28430121624076,2009,160,2000,NA,NA,NA,NA,NA,10
"2129","42",1.35307733991425,2009,160,2000,NA,NA,NA,NA,NA,10
"2130","42",1.24191837478752,2009,160,2000,NA,NA,NA,NA,NA,10
"2131","42",1.02529663424314,2009,160,2000,NA,NA,NA,NA,NA,10
"2132","42",0.915339001709644,2009,160,2000,NA,NA,NA,NA,NA,10
"2133","42",1.17422567002001,2009,160,2000,NA,NA,NA,NA,NA,10
"2134","42",1.04777481343184,2009,160,2000,NA,NA,NA,NA,NA,10
"2135","42",1.10334073926375,2009,160,2000,NA,NA,NA,NA,NA,10
"2136","42",1.35275583494449,2009,160,2000,NA,NA,NA,NA,NA,10
"2137","42",1.13995824525203,2009,160,2000,NA,NA,NA,NA,NA,10
"2138","42",1.33836807725904,2009,160,2000,NA,NA,NA,NA,NA,10
"2139","42",1.22241105584946,2009,160,2000,NA,NA,NA,NA,NA,10
"2140","42",1.17335502497263,2009,160,2000,NA,NA,NA,NA,NA,10
"2141","42",0.683991305547344,2009,160,2000,NA,NA,NA,NA,NA,10
"2142","42",0.942788761127731,2009,160,2000,NA,NA,NA,NA,NA,10
"2143","42",1.17537306290644,2009,160,2000,NA,NA,NA,NA,NA,10
"2144","42",1.22346531081229,2009,160,2000,NA,NA,NA,NA,NA,10
"2145","42",1.35426903875815,2009,160,2000,NA,NA,NA,NA,NA,10
"2146","42",1.29415749740245,2009,160,2000,NA,NA,NA,NA,NA,10
"2147","42",1.08486969652962,2009,160,2000,NA,NA,NA,NA,NA,10
"2148","42",1.25964566478293,2009,160,2000,NA,NA,NA,NA,NA,10
"2149","42",1.22228001850347,2009,160,2000,NA,NA,NA,NA,NA,10
"2150","42",1.14132749085555,2009,160,2000,NA,NA,NA,NA,NA,10
